300.0,-0.0024271388178322825,0.002792205543597758,-0.0003617352605527075,0.0
301.0,0.008604694815063076,-0.0066914659387738665,0.00410908258845075,-152.45
302.0,-0.0009934715520415682,-4.513742114549109e-05,0.0007399004374542066,-149.55
303.0,0.003578362080853789,0.007681191096482885,-0.0033892817135423364,38.3
304.0,0.004630195713749146,0.00752751961411126,-0.00763846386453888,50.5
305.0,0.0006620293466445032,0.0038738481317396357,0.003442353984464578,-79.65
306.0,-0.00138613702046014,0.004170176649368011,-0.001836828166531965,38.2
307.0,-0.0010843033875647832,0.0012865051669963866,-0.001316010317528508,162.9
308.0,0.00018753024533057355,0.00018283368462476256,0.0007648075314749491,-151.45
309.0,-0.0003106361217740691,0.0006291622022531378,0.000195625380478406,-163.2
310.0,-0.00040880248887871203,0.0005254907198815129,-8.355677051813685e-05,-164.9
311.0,-0.00012696885598335525,0.0005218192375098882,0.0004172610784853202,-156.5
312.0,0.00014486477691200194,0.00019814775513826363,0.0007680789274887772,-158.3
313.0,-0.0002733015901926414,0.0007444762727666396,0.0004488967764922343,-146.3
314.0,-0.000571467957297284,0.0006608047903950156,4.971462549569145e-05,-163.6
315.0,-0.0004996343244019269,0.0006571333080233909,0.00017053247449914846,-163.4
316.0,-0.00021780069150657009,0.0004834618256517663,0.00017135032350260547,-159.25
317.0,-0.0007959670586112132,0.0009297903432801415,2.1681725060625863e-06,-162.75
318.0,-0.0006641334257158561,0.0008961188609085168,2.2986021509519548e-05,-163.7
319.0,-0.00026229979282049905,0.0005424473785368925,0.0001238038705129766,-163.75
320.0,-0.00039046615992514204,0.0005887758961652684,7.462171951643371e-05,-165.2
321.0,-0.0002086325270297851,0.0004151044137936438,-7.456043148010923e-05,-164.5
322.0,1.3201105865572396e-05,0.0002314329314220191,2.6257417523347726e-05,-171.15
323.0,9.503473876092908e-05,0.00025776144905039454,7.707526652680487e-05,-164.25
324.0,-0.0001031316283437141,0.00045408996667877,-4.21068844697381e-05,-164.75
325.0,-0.00015129799544835688,0.00040041848430714564,5.8710964533718966e-05,-164.45
326.0,-0.00047946436255299997,0.0005667470019355214,-0.00019047118646282397,-167.0
327.0,-0.0002476307296576429,0.0003130755195638966,-8.965333745936696e-05,-166.6
328.0,-0.00019579709676228584,0.000339404037192272,0.0001311645115440901,-166.05
329.0,-0.0004939634638669289,0.0007057325548206475,0.0004119823605475473,-162.9
330.0,-0.000772129830971572,0.0008320610724490232,-8.719979044899569e-05,-161.95
331.0,-0.0003902961980762152,0.0005983895900773988,0.00041361805855446134,-151.95
332.0,-0.0006184625651808576,0.0006747181077057744,-0.00011556409244208162,-164.5
333.0,-0.0005166289322855008,0.0006910466253341498,-6.474624343862448e-05,-162.6
334.0,-0.0004147952993901441,0.0005873751429625253,-0.00011392839443516759,-165.7
335.0,-0.0005629616664947867,0.0007337036605909004,8.688945456828952e-05,-160.3
336.0,-0.0003111280335994296,0.0003600321782192763,-0.00018229269642825336,-170.0
337.0,-0.00012929440070407264,0.00035636069584765164,-0.00011147484742479632,-165.8
338.0,-0.00037746076780871595,0.0007026892134760275,6.934300157866074e-05,-164.65
339.0,-0.00047562713491335886,0.00021901773110440288,0.00014016085058211783,-176.7
340.0,-0.00010379350201800142,0.000445346248732778,-0.00015902130041442518,-170.3
341.0,-0.0001719598691226447,0.0005116747663611535,4.179654858903182e-05,-162.0
342.0,-1.2623622728776332e-07,0.00020800328398952938,4.261439759248894e-05,-165.5
343.0,-0.00029829260333193077,0.0004543318016179045,-0.00017656775340405402,-164.6
344.0,-0.0003964589704365741,0.0005806603192462802,4.425009559940298e-05,-164.35
345.0,3.5374662458783485e-05,-2.301116312534426e-05,0.00017506794460286012,-163.35
346.0,-0.0004127917046458595,0.000443317354503031,4.588579360631712e-05,-164.55
347.0,-0.0005109580717505028,0.0006196458721314064,-0.00017329635739022584,-160.05
348.0,-0.00035912443885514596,0.0006159743897597822,-5.247850838676867e-05,-162.85
349.0,-0.0002572908059597888,0.000282302907388158,7.833934061668836e-05,-163.15
350.0,-5.5457173064431785e-05,0.00022863142501653323,9.915718962014532e-05,-163.4
351.0,0.00011637645983092514,2.4959942644908924e-05,-0.00010002496137639753,-169.95
352.0,-0.00018178990727371787,0.00030128846027328415,3.07928876270595e-05,-165.65
353.0,-0.0002999562743783604,0.0002976169779016595,-6.838926336948353e-05,-168.3
354.0,-0.00012812264148300348,0.0002939454955300353,-9.757141436602637e-05,-164.9
355.0,-0.00022628900858764683,0.0004602740131584111,3.324643463743066e-05,-160.3
356.0,-0.00032445537569228975,0.00038660253078678626,-0.00014593571635911236,-167.1
357.0,-0.00042262174279693266,0.0004829310484151619,-0.00016511786735565523,-166.65
358.0,-0.00034078810990157554,0.00047925956604353724,8.569998164780195e-05,-162.2
359.0,6.104552299378155e-05,0.00022558808367191237,0.0001065178306512588,-166.2
360.0,-0.00026712084411086153,0.0003219166013002884,5.733567965471591e-05,-164.05
361.0,-0.0003352872112155048,0.0005182451189286639,3.815352865817309e-05,-162.55
362.0,-0.00031345357832014784,0.00043457363655703945,-1.1028622338370023e-05,-168.85
363.0,-8.161994542479033e-05,8.090215418541475e-05,0.00018978922666508709,-163.5
364.0,-0.00017978631252943368,0.0003072306718137903,6.0607075668544196e-05,-165.5
365.0,-0.00020795267963407684,0.0003235591894421657,-0.0002885750753279988,-168.9
366.0,2.388095326128067e-05,0.00016988770707054108,9.224277367545831e-05,-163.05
367.0,-0.00017428541384336294,0.00016621622469891687,-5.693937732108463e-05,-168.3
368.0,-0.00015245178094800554,0.0001925447423272923,-0.0001561215283176276,-166.65
369.0,0.0001493818519473513,0.0002888732599556679,-8.530367931417057e-05,-168.35
370.0,-0.00016878451515729177,0.00020520177758404307,-0.00018448583031071343,-168.45
371.0,-0.0001969508822619345,0.00033153029521241877,6.633201869274353e-05,-162.9
372.0,0.00015488275063342246,0.0003478588128407942,9.714986769620063e-05,-167.1
373.0,0.00030671638352877933,-0.0001758126695308301,-2.0322833003422885e-06,-167.75
374.0,-0.00011144998357586356,0.00014051584809754523,-8.121443429688526e-05,-168.45
375.0,4.038364931949331e-05,0.00013684436572592058,0.00016960341470657176,-163.9
376.0,-0.0001877827177851495,0.0002831728833542959,-4.957873628997115e-05,-167.6
377.0,-0.0002359490848897923,0.0003295014009826718,0.00035123911271348594,-164.4
378.0,0.0001458845480055643,-0.00014417008138895276,-4.7943038283057115e-05,-167.8
379.0,4.771818090092139e-05,0.00010215843623942325,-2.7125189279599937e-05,-167.45
380.0,-5.0448186203721525e-05,4.848695386779848e-05,-0.00017630734027614293,-170.9
381.0,-0.00027861455330836435,9.481547149617396e-05,0.0002245105087273141,-160.3
382.0,-0.00014678092041300753,0.000291143989124549,0.0003053283577307712,-159.05
383.0,5.052712482349342e-06,3.747250675292498e-05,5.614620673422834e-05,-166.65
384.0,0.00010688634537770695,-6.619897561869993e-05,0.00017696405573768524,-163.8
385.0,0.00015871997827306356,3.0129542009676123e-05,5.778190474114238e-05,-168.0
386.0,0.00013055361116842083,-0.00010354194036194843,-0.00027140024625540055,-173.05
387.0,0.00018238724406377744,-0.00012721342273357313,-0.00027058239725194364,-162.95
388.0,0.00026422087695913456,-0.0002608849051051977,-1.9764548248486454e-05,-170.1
389.0,0.00028605450985449195,-0.00013455638747682198,-1.894669924502933e-05,-167.6
390.0,6.788814274984872e-05,-1.822786984844631e-05,-0.00011812885024157236,-171.35
391.0,-0.0004102782243547943,0.0003281006477799291,-0.0001873110012381153,-172.75
392.0,-0.00012844459145943754,0.00032442916540830445,-0.0003164931522346582,-173.0
393.0,-0.0002766109585640806,0.0003207576830366798,-0.0002656753032312012,-172.5
394.0,-0.00022477732566872312,0.00034708620066505524,-0.00018485745422774414,-171.5
395.0,-0.0002229436927733662,0.00031341471829343095,-0.00028403960522428706,-168.95
396.0,-0.0004211100598780094,0.0004597432359218067,-0.00031322175622083,-169.8
397.0,3.072357301734741e-05,3.6071753550182255e-05,-6.2403907217373e-05,-167.6
398.0,-0.00021744279408729547,0.00018240027117855757,-6.158605821391587e-05,-166.8
399.0,-0.0002456091611919382,0.0001287287888069328,-6.076820921045885e-05,-166.9
400.0,-0.00011377552829658138,9.505730643530807e-05,-9.95036020700181e-06,-166.25
401.0,-4.1941895401224286e-05,4.138582406368373e-05,-9.132511203544685e-06,-165.8
402.0,-0.00021010826250586695,0.00016771434169205986,-2.831466220008772e-05,-167.3
403.0,-0.00020827462961051004,0.00023404285932043497,-0.0001074968131966307,-166.15
404.0,-6.440996715153038e-06,3.037137694881023e-05,-6.678964193173524e-06,-165.8
405.0,-0.00030460736381979605,0.00020669989457718562,2.4138884810283464e-05,-166.5
406.0,-0.0002827737309244395,0.00022302841220556147,-2.504326618625954e-05,-166.35
407.0,-0.0003509400980290819,0.0003193569298339371,-0.00010422541718280241,-166.85
408.0,-0.0002991064651337249,0.0002956854474623128,-0.00010340756817934539,-165.85
409.0,0.00012272716776163184,-0.00013798603490931208,9.741028082411161e-05,-164.95
410.0,-0.00012543919934301147,8.834248271906344e-05,-5.1771870172431225e-05,-170.8
411.0,-4.360556644765435e-05,4.671000347438586e-06,0.0001990459788310259,-166.3
412.0,-0.0003217719335522969,0.0002809995179758147,-2.013617216551722e-05,-164.7
413.0,-1.9938300656940043e-05,7.732803560418994e-05,-0.00014931832316206006,-170.0
414.0,-0.000138104667761583,0.00017365655323256556,8.149952584139708e-05,-165.5
415.0,3.3728965133774345e-05,-1.0014929139059124e-05,8.231737484485399e-05,-165.65
416.0,-0.00021443740197086896,0.0002863135884893166,-0.00024686477615168894,-170.75
417.0,-0.0002326037690755121,0.00028264210611769194,0.0001539530728517682,-164.55
418.0,3.922986381984508e-05,-4.102937625393224e-05,-4.522907814477476e-05,-168.55
419.0,-5.893650328479827e-05,0.0001252991413744427,5.5887708586822805e-06,-168.45
420.0,-0.00010710287038944106,0.00015162765900281856,6.406619862139406e-06,-165.85
421.0,-0.000375269237494084,0.00036795617663119406,0.0002072244688655964,-162.9
422.0,-5.34356045987271e-05,-5.715305740430689e-06,0.00020804231786905342,-162.4
423.0,-1.6019717033700573e-06,-3.938678811205541e-05,-0.00014113983312748945,-168.1
424.0,3.0231661191986933e-05,8.694172951632072e-05,9.678015875967585e-06,-168.1
425.0,-0.00014793470591265576,3.3270247144696376e-05,4.049586487942457e-05,-161.6
426.0,-0.00011610107301729877,7.959876477307186e-05,1.1313713882881728e-05,-169.45
427.0,-0.00019426744012194207,-0.00012407271759855287,0.00011213156288633868,-163.8
428.0,0.0002875661927734148,-0.0002777441999701775,0.00014294941188979578,-165.75
429.0,0.00020939982566877194,-0.0002814156823418021,0.00016376726089325285,-164.8
430.0,0.00016123345856412915,-0.00016508716471342645,0.0002145851098967099,-163.5
431.0,-3.6932908540514026e-05,-1.8758647085050702e-05,1.5402958900166924e-05,-166.9
432.0,0.0002649007243548428,-0.00027243012945667514,9.622080790362404e-05,-166.65
433.0,-0.0001332656427497996,3.898388171700087e-06,0.00016703865690708103,-166.15
434.0,0.00029856799014555714,-0.0004997730941999246,0.00021785650591053807,-167.15
435.0,-0.0015495983769590858,0.0014165554234284506,-0.0002813256450860048,-164.3
436.0,-0.002177764744063729,0.0019928839410568266,-0.0005005077960825477,0.0
437.0,-0.002195931111168372,0.002039212458685202,-0.0004496899470790908,0.0
438.0,-0.0004240974782730145,5.554097631357748e-05,-0.0002488720980756337,-174.15
439.0,0.00010773615462234204,-0.00014813050605804682,-2.8054249072176525e-05,-170.6
440.0,0.00027956978751769897,-0.0003718019884296716,0.0001027635999312804,-166.7
441.0,0.00011140342041305587,-0.00012547347080129603,0.00010358144893473753,-167.75
442.0,0.00018323705330841296,-0.00017914495317292037,0.00015439929793819467,-168.3
443.0,-6.492931379622991e-05,-8.281643554454475e-05,-0.0002447828530583484,-170.0
444.0,1.6904319099127207e-05,-3.648791791616927e-05,-7.396500405489135e-05,-171.5
445.0,0.00036873795199448417,-0.00039015940028779396,-2.3147155051434203e-05,-169.1
446.0,0.00022057158488984156,-0.0002238308826594186,5.767069395202281e-05,-171.3
447.0,7.240521778519807e-05,-0.00012750236503104298,8.488542955479802e-06,-167.65
448.0,-0.00020576114931944488,-1.1738474026672802e-06,9.306391958936928e-06,-165.7
449.0,-3.927516424087878e-06,-0.00030484532977429184,-0.00026987575903760603,-173.55
450.0,0.00012790611647126894,-0.00020851681214591623,3.0942089965851015e-05,-167.6
451.0,9.973974936662664e-05,-0.00014218829451754112,1.1759938969308089e-05,-167.05
452.0,-4.842661773801684e-05,-0.00021585977688916552,-1.7422212027234864e-05,-168.55
453.0,0.00015340701515734016,-0.00034953125926078963,0.00011339563697622217,-168.0
454.0,0.000285240648052697,-0.00037320274163241433,-0.00011578651402032071,-169.3
455.0,0.00013707428094805393,-0.00022687422400403858,-1.4968665016863703e-05,-168.2
456.0,-0.0001410920861565886,-1.0545706375663516e-05,0.00013584918398659327,-167.2
457.0,0.00041074154673876847,-0.0005142171887472877,6.666703299005043e-05,-168.05
458.0,0.0004125751796341254,-0.0003678886711189124,1.7484881993507428e-05,-171.55
459.0,0.00044440881252948237,-0.000491560153490537,0.00013830273099696444,-165.65
460.0,0.00014624244542483893,-0.0003252316358621616,6.91205800004216e-05,-167.35
461.0,0.00024807607832019653,-0.0003289031182337858,-8.00615709961214e-05,-170.15
462.0,0.00016990971121555324,-0.0002525746006054102,2.0756278007335606e-05,-169.35
463.0,5.174334411091027e-05,-0.0003862460829770348,-5.842587298920726e-05,-168.2
464.0,0.0002535769770062677,-0.0003899175653486594,0.00017239197601424993,-165.8
465.0,7.541060990162458e-05,-0.00024358904772028367,-6.790174982293203e-06,-165.8
466.0,0.00012724424279698162,-0.0001672605300919081,-5.972325978836077e-06,-170.2
467.0,0.00010907787569233848,-0.00022093201246353245,7.484552302462104e-05,-166.65
468.0,0.0005309115085876952,-0.0004746034948351573,0.000495663372028078,-164.85
469.0,0.0005327451414830525,-0.0005282749772067821,0.00014648122103153504,-167.95
470.0,6.457877437840952e-05,-0.00023194645957840638,0.00012729907003499223,-165.65
471.0,6.641240727376643e-05,-0.00041561794195003063,-0.00010188308096155076,-171.15
472.0,0.00043824604016912344,-0.00036928942432165515,0.0005489347680419062,-164.05
473.0,0.00037007967306448017,-0.0004929609066932797,0.00012975261704536339,-167.2
474.0,0.00017191330595983743,-0.0002466323890649041,0.0001305704660488204,-167.35
475.0,4.374693885519443e-05,-0.00033030387143652895,3.1388315052277376e-05,-168.9
476.0,0.0004255805717505515,-0.0007339753538081538,5.2206164055734554e-05,-168.25
477.0,0.0005474142046459083,-0.0007076468361797779,-0.00016697598694080846,-174.25
478.0,0.00027924783754126534,-0.00044131831855140184,-4.6158137937351456e-05,-169.3
479.0,0.00030108147043662273,-0.0004449898009230265,-4.534028893389433e-05,-170.5
480.0,2.9151033319792935e-06,-0.0002186612832946514,0.00013547756006956273,-165.8
481.0,0.00035474873622733626,-0.0004523327656662758,0.0001562954090730197,-169.0
482.0,0.0004365823691226938,-0.0006060042480379004,0.00013711325807647687,-167.3
483.0,0.00033841600201805046,-0.0005596757304095249,3.793110707993384e-05,-169.0
484.0,0.0001902496349134074,-0.00046334721278114884,5.874895608339091e-05,-167.35
485.0,0.00016208326780876468,-0.0003370186951527736,0.00018956680508684805,-165.65
486.0,0.0005139169007041212,-0.0006706901775243982,0.00014038465409030505,-170.05
487.0,0.0003957505335994787,-0.0008243616598960228,6.120250309376207e-05,-166.7
488.0,0.00041758416649483564,-0.000478033142267647,0.0001420203520972192,-166.2
489.0,0.00011941779939019263,-0.00043170462463927193,1.2838201100676247e-05,-169.25
490.0,0.0005712514322855494,-0.0006853761070108959,9.365605010413326e-05,-168.65
491.0,0.0007730850651809064,-0.0009090475893825207,0.00014447389910759035,-167.6
492.0,0.0005249186980762635,-0.0006427190717541451,4.529174811104738e-05,-169.25
493.0,2.675233097162045e-05,-0.00026639055412577004,1.6109597114504425e-05,-167.6
494.0,0.00030858596386697766,-0.000350062036497394,1.6927446117961497e-05,-167.35
495.0,0.00028041959676233493,-0.0004037335188690188,6.774529512141859e-05,-166.65
496.0,0.00021225322965769166,-0.0003574050012406429,-3.143685587512438e-05,-170.5
497.0,0.0004340868625530487,-0.0005810764836122677,-3.0619006871667365e-05,-170.4
498.0,0.00023592049544840553,-0.0004847479659838925,5.01988421317897e-05,-166.75
499.0,0.00043775412834376254,-0.0005184194483555168,0.00020101669113524684,-166.7
500.0,0.00063958776123912,-0.0007220909307271411,0.0002718345401387038,-166.6
501.0,0.00039142139413447666,-0.0005457624130987657,0.00020265238914216093,-164.7
502.0,0.0005932550270298337,-0.00074943389547039,0.000203470238145618,-166.25
503.0,0.00029508865992519066,-0.0005031053778420148,0.00015428808714907505,-168.35
504.0,0.0003469222928205477,-0.0005367768602136391,5.510593615253202e-05,-168.9
505.0,0.0006287559257159049,-0.0006904483425852637,0.00017592378515598908,-167.15
506.0,0.0003305895586112619,-0.0005141198249568883,0.00010674163415944619,-168.9
507.0,0.00040242319150661857,-0.0005677913073285122,0.0001075594831629032,-166.45
508.0,0.0005342568244019758,-0.0007014627897001368,5.8377332166360254e-05,-169.55
509.0,0.0005560904572973323,-0.0007051342720717614,-2.0804818830182667e-05,-170.05
510.0,0.0003879240901926897,-0.0005588057544433861,-1.9986969826725595e-05,-168.35
511.0,0.0003097577230880468,-0.0005624772368150108,-1.9169120823268578e-05,-171.85
512.0,0.0003415913559834038,-0.0005361487191866353,-0.00016835127181981152,-171.7
513.0,0.0007134249888787613,-0.0008398202015582595,8.246657718364561e-05,-169.15
514.0,0.000665258621774118,-0.0007734916839298839,0.00016328442618710262,-168.75
515.0,0.000667092254669475,-0.0007971631663015086,-1.5897724809440345e-05,-165.65
516.0,0.0006689258875648319,-0.0009508346486731332,6.492012419401672e-05,-169.5
517.0,0.0007207595204601889,-0.0009045061310447577,0.00021573797319747386,-167.7
518.0,0.00040259315335554584,-0.0006881776134163822,3.655582220093084e-05,-167.6
519.0,0.0003744267862509031,-0.0005918490957880062,3.737367120438791e-05,-168.0
520.0,0.0005762604191462597,-0.0007955205781596309,6.819152020784495e-05,-168.55
521.0,0.0005080940520416168,-0.0007491920605312554,3.9009369211302e-05,-168.35
522.0,0.0004799276849369737,-0.0007028635429028804,3.982721821475907e-05,-169.8
523.0,0.0006817613178323311,-0.0008565350252745046,9.064506721821617e-05,-168.95
524.0,0.0007335949507276882,-0.000960206507646129,9.146291622167324e-05,-167.95
525.0,0.0009854285836230449,-0.0011838779900177534,7.22807652251302e-05,-169.1
526.0,0.000587262216518402,-0.0008875494723893781,0.00017309861422858732,-166.7
527.0,0.0005690958494137593,-0.0008412209547610026,0.0001739164632320444,-167.55
528.0,0.000490929482309116,-0.0007748924371326271,-2.5265687764498628e-05,-170.65
529.0,0.0005427631152044731,-0.0007785639195042513,9.555216123895849e-05,-167.55
530.0,0.00102459674809983,-0.001132235401875876,0.00012637001024241553,-169.4
531.0,0.0008464303809951872,-0.0011059068842475008,0.00017718785924587262,-170.25
532.0,0.000628264013890544,-0.0008895783666191251,0.00017800570824932964,-168.05
533.0,0.0005300976467859011,-0.0007932498489907494,0.0001788235572527867,-162.95
534.0,0.000701931279681258,-0.0008669213313623738,0.00012964140625624376,-170.05
535.0,0.000753764912576615,-0.0009705928137339983,0.00023045925525970082,-167.9
536.0,0.000605598545471972,-0.0008542642961056231,8.127710426315783e-05,-169.65
537.0,0.000657432178367329,-0.0008779357784772473,8.20949532666149e-05,-169.35
538.0,0.0008092658112626859,-0.0010116072608488719,0.00018291280227007202,-168.55
539.0,0.0008910994441580435,-0.0011652787432204965,-1.6269348726471002e-05,-170.7
540.0,0.0007129330770533999,-0.000968950225592121,0.00013454850027698608,-167.6
541.0,0.0008147667099487571,-0.0010426217079637454,0.00025536634928044314,-167.9
542.0,0.0009466003428441139,-0.0012262931903353701,-1.3815801716099787e-05,-171.3
543.0,0.0011184339757394708,-0.0012999646727069945,0.00025700204728735723,-168.25
544.0,0.0010202676086348283,-0.001233636155078619,0.0002578198962908143,-166.6
545.0,0.0008221012415301847,-0.0010373076374502435,0.00023863774529427143,-169.6
546.0,0.0008739348744255422,-0.0010609791198218678,0.00023945559429772845,-166.55
547.0,0.0008557685073208991,-0.0010446506021934924,0.00024027344330118552,-166.95
548.0,0.001157602140216256,-0.0014683220845651173,0.0004610912923046425,-168.55
549.0,0.0009594357731116132,-0.0011219935669367414,0.00031190914130809963,-166.2
550.0,0.0010312694060069703,-0.0011556650493083661,0.00026272699031155663,-164.7
551.0,0.0008831030389023272,-0.0011593365316799908,0.00024354483931501376,-166.65
552.0,0.0011149366717976847,-0.0012130080140516147,0.0001943626883184708,-167.35
553.0,0.001166770304693041,-0.0014866794964232396,0.0003151805373219278,-167.45
554.0,0.0011186039375883985,-0.001220350978794864,0.0003159983863253849,-166.45
555.0,0.0008204375704837551,-0.0010240224611664885,0.0002168162353288419,-167.25
556.0,0.001172271203379112,-0.001427693943538113,0.000347634084332299,-167.45
557.0,0.0008241048362744694,-0.0011813654259097378,0.000348451933335756,-166.45
558.0,0.0009759384691698258,-0.001205036908281362,0.00019926978233921313,-169.1
559.0,0.0008477721020651832,-0.0010887083906529864,0.0002500876313426702,-167.3
560.0,0.0008996057349605403,-0.0011623798730246112,0.00020090548034612721,-167.35
561.0,0.0011314393678558974,-0.0013660513553962355,0.00022172332934958423,-168.9
562.0,0.0008532730007512544,-0.00111972283776786,0.00020254117835304136,-166.85
563.0,0.0009351066336466111,-0.0010733943201394845,0.00025335902735649845,-165.75
564.0,0.0009569402665419685,-0.0013070658025111088,0.00020417687635995545,-170.45
565.0,0.0009587738994373254,-0.0011107372848827334,7.49947253634125e-05,-168.75
566.0,0.000860607532332682,-0.0012144087672543583,0.00027581257436686956,-167.15
567.0,0.0013624411652280394,-0.0017380802496259826,0.0004566304233703266,-166.2
568.0,0.0012942747981233966,-0.0015417517319976071,0.0004574482723737837,-166.9
569.0,0.0014161084310187534,-0.0015954232143692315,0.00045826612137724076,-165.4
570.0,0.0013179420639141109,-0.001579094696740856,0.00045908397038069783,-165.6
571.0,0.0014497756968094673,-0.0015827661791124807,0.00032990181938415483,-165.6
572.0,0.0014716093297048247,-0.0016364376614841046,0.0004607196683876119,-166.3
573.0,0.0015534429626001814,-0.0018401091438557293,0.000331537517391069,-169.1
574.0,0.0017052765954955387,-0.0018937806262273541,0.000462355366394526,-167.15
575.0,0.001727110228390896,-0.0018674521085989782,0.00036317321539798303,-167.7
576.0,0.001058943861286252,-0.0013711235909706029,0.00038399106440144016,-166.3
577.0,0.0011807774941816093,-0.0014047950733422276,0.00023480891340489716,-166.15
578.0,0.0018326111270769662,-0.0018784665557138517,0.0003656267624083542,-168.15
579.0,0.0016344447599723234,-0.001962138038085476,0.0003864446114118113,-167.55
580.0,0.0015362783928676805,-0.0016158095204571012,0.00028726246041526834,-168.45
581.0,0.0011881120257630374,-0.001669481002828725,0.00016808030941872537,-169.3
582.0,0.0014399456586583945,-0.0017231524852003499,0.00013889815842218247,-170.25
583.0,0.0014417792915537514,-0.0017968239675719747,0.00038971600742563955,-171.55
584.0,0.0013236129244491085,-0.0016804954499435986,0.00027053385642909663,-169.5
585.0,0.0013954465573444656,-0.0017341669323152234,0.00024135170543255357,-170.1
586.0,0.0012972801902398226,-0.0016578384146868478,0.00017216955443601068,-168.65
587.0,0.0015991138231351795,-0.0019115098970584722,0.00037298740343946773,-167.3
588.0,0.0016009474560305368,-0.001815181379430097,0.0004938052524429248,-170.55
589.0,0.0013327810889258935,-0.0016988528618017214,0.00022462310144638186,-169.8
590.0,0.0014846147218212508,-0.0017525243441733457,0.00022544095044983893,-170.05
591.0,0.0019564483547166076,-0.0022561958265449704,0.00029625879945329597,-170.85
592.0,0.0014382819876119645,-0.001709867308916595,0.00024707664845675297,-168.85
593.0,0.001340115620507322,-0.0016135387912882193,0.0002778944974602101,-168.1
594.0,0.0013619492534026785,-0.0016872102736598437,0.00029871234646366713,-168.55
595.0,0.0013937828862980355,-0.0016208817560314686,0.0001495301954671242,-168.95
596.0,0.0012956165191933926,-0.0016445532384030928,0.0002803480444705813,-168.65
597.0,0.0017174501520887493,-0.0020782247207747173,0.0003511658934740383,-169.6
598.0,0.0017192837849841066,-0.001951896203146342,0.00028198374247749537,-170.55
599.0,0.0014511174178794637,-0.0018055676855179663,0.0002528015914809524,-168.95
600.0,0.0014029510507748205,-0.001689239167889591,0.00043361944048440947,-166.55
601.0,0.0018547846836701777,-0.0021129106502612155,0.0003544372894878665,-168.8
602.0,0.0015766183165655343,-0.0018465821326328399,0.00040525513849132364,-168.3
603.0,0.0015784519494608917,-0.0018202536150044644,0.0003860729874947806,-168.6
604.0,0.0012302855823562485,-0.0015239250973760892,0.0002568908364982376,-168.55
605.0,0.0018321192152516057,-0.0021775965797477133,0.0004877086855016948,-169.25
606.0,0.001813952848146963,-0.002131268062119338,0.0005085265345051518,-168.6
607.0,0.0017857864810423198,-0.0020149395444909626,0.0005093443835086089,-167.25
608.0,0.0013176201139376768,-0.0016386110268625867,0.0003901622325120659,-167.6
609.0,0.0014694537468330337,-0.0018722825092342115,0.00044098008151552295,-166.7
610.0,0.0016712873797283907,-0.002125953991605836,0.00031179793051898006,-167.15
611.0,0.001973121012623748,-0.00214962547397746,0.0006126157795224371,-166.3
612.0,0.001994954645519105,-0.0021032969563490847,0.000743433628525894,-166.6
613.0,0.0015767882784144616,-0.001786968438720709,0.0003942514775293512,-166.45
614.0,0.0016486219113098187,-0.0018606399210923338,0.0006150693265328083,-164.6
615.0,0.0018804555442051753,-0.0019143114034639586,0.0006658871755362652,-165.9
616.0,0.002152289177100533,-0.0022679828858355824,0.0006667050245397223,-164.9
617.0,0.00210412280999589,-0.002271654368207207,0.0007675228735431794,-164.0
618.0,0.0020559564428912465,-0.002355325850578832,0.0008183407225466363,-163.75
619.0,0.0021877900757866038,-0.002508997332950456,0.0006991585715500936,-163.55
620.0,0.0026096237086819605,-0.0030126688153220803,0.0009999764205535504,-162.1
621.0,0.0022614573415773182,-0.0024863402976937057,0.0008207942695570076,-163.2
622.0,0.002013290974472675,-0.0021900117800653296,0.0007516121185604646,-164.15
623.0,0.0023151246073680317,-0.0025436832624369543,0.0008224299675639216,-164.65
624.0,0.0024969582402633887,-0.002847354744808579,0.001053247816567379,-161.5
625.0,0.002568791873158746,-0.003081026227180203,0.000904065665570836,-163.25
626.0,0.0026006255060541028,-0.002784697709551828,0.0009548835145742929,-163.4
627.0,0.0023024591389494598,-0.0024883691919234526,0.00092570136357775,-163.55
628.0,0.0032042927718448164,-0.003362040674295077,0.000956519212581207,-164.35
629.0,0.003176126404740174,-0.003445712156666701,0.0009073370615846642,-166.05
630.0,0.002927960037635531,-0.0031493836390383257,0.0008781549105881212,-167.2
631.0,0.0029797936705308883,-0.0032030551214099505,0.0008289727595915781,-167.8
632.0,0.002931627303426245,-0.0031767266037815746,0.0006297906085950353,-167.2
633.0,0.003113460936321602,-0.0034103980861531994,0.0005606084575984924,-169.75
634.0,0.003235294569216959,-0.0034140695685248236,0.0005314263066019493,-169.75
635.0,0.003417128202112316,-0.0036877410508964485,0.0005122441556054065,-170.05
636.0,0.003288961835007673,-0.003591412533268073,0.0006330620046088635,-169.8
637.0,0.0034207954679030305,-0.003645084015639697,0.0005638798536123206,-171.1
638.0,0.0036926291007983864,-0.003978755498011322,0.00046469770261577765,-170.8
639.0,0.004244462733693744,-0.0046024269803829464,0.0006655155516192348,-170.8
640.0,0.003476296366589101,-0.0037560984627545706,0.0004663334006226917,-171.95
641.0,0.003298129999484458,-0.0035597699451261956,0.00031715124962614885,-173.0
642.0,0.003779963632379815,-0.00409344142749782,0.0004179690986296058,-173.25
643.0,0.0041017972652751715,-0.004547112909869444,0.00021878694763306284,-175.25
644.0,0.003983630898170529,-0.004470784392241069,8.960479663651995e-05,-174.35
645.0,0.004285464531065887,-0.0046244558746126934,2.0422645639977003e-05,-176.8
646.0,0.0045372981639612425,-0.004758127356984318,-0.0002287595053565659,-178.85
647.0,0.0043591317968566,-0.0046817988393559416,-0.0004079416563531089,179.3
648.0,0.004360965429751958,-0.004665470321727566,-0.0007371238073496519,176.65
649.0,0.005242799062647314,-0.005519141804099191,-0.001386305958346195,171.7
650.0,0.0051946326955426714,-0.005222813286470816,-0.0017554881093427377,169.7
651.0,0.003996466328438028,-0.004076484768842439,-0.0020046702603392806,164.6
652.0,0.003248299961333385,-0.003280156251214065,-0.0021838524113358235,160.05
653.0,0.0036001335942287423,-0.0035838277335856895,-0.0026530345623323667,156.35
654.0,0.0034519672271240993,-0.003307499215957313,-0.0026822167133289097,154.75
655.0,0.0028538008600194568,-0.002811170698328938,-0.0021013988643254523,157.85
656.0,0.002155634492914813,-0.0024148421807005625,-0.0016305810153219955,163.55
657.0,0.0018774681258101706,-0.002168513663072187,-0.0013797631663185384,164.55
658.0,0.0016093017587055273,-0.0020021851454438116,-0.0012289453173150813,166.7
659.0,0.0017811353916008842,-0.002255856627815436,-0.0007281274683116243,174.7
660.0,0.0019329690244962415,-0.00255952811018706,-0.0006273096193081671,175.85
661.0,0.0022348026573915983,-0.002683199592558685,-0.0006264917703047101,176.7
662.0,0.001966636290286955,-0.00241687107493031,-0.0004756739213012531,178.9
663.0,0.0021684699231823124,-0.0025705425573019336,-0.00034485607229779594,178.6
664.0,0.002240303556077669,-0.0026942140396735586,-0.0003440382232943389,-175.75
665.0,0.0026421371889730266,-0.0030978855220451834,-0.0002632203742908819,-177.9
666.0,0.002593970821868383,-0.0029315570044168076,-0.00014240252528742477,-176.2
667.0,0.0021958044547637405,-0.0026352284867884324,-9.158467628396776e-05,-177.9
668.0,0.002327638087659098,-0.002808899969160057,-6.076682728051077e-05,-177.05
669.0,0.0026494717205544542,-0.003112571451531681,6.00510217229464e-05,-175.1
670.0,0.0023813053534498113,-0.0029462429339033058,-3.913112927359663e-05,-176.2
671.0,0.0026531389863451685,-0.00306991441627493,4.1686719729860434e-05,-176.95
672.0,0.0023349726192405254,-0.0028235858986465547,4.250456873331756e-05,-175.05
673.0,0.0026868062521358824,-0.0032072573810181786,6.332241773677458e-05,-175.45
674.0,0.0028886398850312394,-0.003260928863389804,4.41402667402317e-05,-174.95
675.0,0.0028604735179265962,-0.003284600345761428,4.495811574368872e-05,-175.55
676.0,0.002442307150821953,-0.0029382718281330523,-5.422403525285431e-05,-176.8
677.0,0.00224414078371731,-0.002721943310504677,4.6593813750602864e-05,-175.25
678.0,0.0028159744166126677,-0.0032956147928763016,4.741166275405988e-05,-174.8
679.0,0.003067808049508025,-0.003499286275247926,0.0002982295117575169,-173.5
680.0,0.0035196416824033816,-0.004032957757619551,0.00029904736076097403,-174.35
681.0,0.002651475315298739,-0.003186629239991175,9.986520976443101e-05,-174.5
682.0,0.002853308948194095,-0.0032903007223627997,0.00017068305876788805,-174.05
683.0,0.0031751425810894523,-0.0035439722047344246,0.00020150090777134515,-174.1
684.0,0.00425697621398481,-0.004697643687106049,0.00020231875677480216,-174.35
685.0,0.003608809846880166,-0.003921315169477673,0.0001231366057782593,-173.9
686.0,0.003760643479775524,-0.004204986651849298,0.0003539544547817164,-173.7
687.0,0.0030824771126708806,-0.003478658134220922,0.00025477230378517335,-174.4
688.0,0.003384310745566238,-0.0038123296165925463,0.0003055901527886305,-174.1
689.0,0.0031861443784615942,-0.0038660010989641715,0.00020640800179208747,-175.15
690.0,0.0035879780113569513,-0.0039396725813357954,0.0003272258507955445,-173.4
691.0,0.003519811644252309,-0.00384334406370742,0.00025804369979900163,-173.6
692.0,0.003541645277147666,-0.003947015546079045,0.0003088615488024587,-173.7
693.0,0.0037434789100430224,-0.00443068702845067,0.00012967939780591565,-177.6
694.0,0.0036953125429383797,-0.004334358510822294,0.00021049724680937277,-175.05
695.0,0.004247146175833737,-0.004788029993193918,0.0001113150958128298,-175.85
696.0,0.0038789798087290935,-0.004211701475565543,0.00011213294481628682,-175.65
697.0,0.0038808134416244504,-0.004245372957937167,0.00021295079381974393,-175.3
698.0,0.0036826470745198077,-0.004169044440308791,0.00013376864282320096,-175.55
699.0,0.003954480707415165,-0.004422715922680415,0.00011458649182665808,-176.2
700.0,0.003936314340310522,-0.004376387405052041,0.0002654043408301151,-174.1
701.0,0.0037581479732058786,-0.0041800588874236645,8.622218983357215e-05,-174.8
702.0,0.0036599816061012353,-0.00421373036979529,0.00013704003883702924,-174.5
703.0,0.0042918152389965925,-0.004737401852166914,8.785788784048629e-05,-176.75
704.0,0.00409364887189195,-0.004571073334538538,0.00013867573684394328,-174.9
705.0,0.0036154825047873063,-0.004144744816910163,-1.0506414152599609e-05,-176.9
706.0,0.003997316137682664,-0.004448416299281787,-9.688565149142592e-06,-176.4
707.0,0.004449149770578021,-0.0049020877816534116,7.112928385431447e-05,-176.9
708.0,0.004400983403473378,-0.004885759264025036,7.19471328577716e-05,-176.85
709.0,0.0043528170363687346,-0.004839430746396661,0.0001927649818612286,-175.65
710.0,0.0050046506692640914,-0.0053431022287682844,0.00019358283086468562,-176.4
711.0,0.005106484302159449,-0.005446773711139909,9.440067986814276e-05,-176.35
712.0,0.004578317935054806,-0.005020445193511535,-2.4781471128400268e-05,-177.35
713.0,0.004980151567950162,-0.005454116675883159,7.60363778750569e-05,-176.65
714.0,0.00506198520084552,-0.005477788158254783,-2.3145773121486125e-05,-177.35
715.0,0.004383818833740876,-0.004981459640626408,-2.2327924118029107e-05,-177.3
716.0,0.004485652466636234,-0.005015131122998033,-5.151007511457195e-05,-177.75
717.0,0.004637486099531591,-0.005138802605369657,-2.0692226111114964e-05,-177.8
718.0,0.004369319732426947,-0.004792474087741281,1.2562289234205196e-07,-177.7
719.0,0.005391153365322305,-0.005726145570112906,-9.905652810420079e-05,-178.2
720.0,0.005072986998217661,-0.00547981705248453,8.176132089925624e-05,-176.7
721.0,0.005544820631113018,-0.006053488534856155,-1.7420830097286785e-05,-177.95
722.0,0.004776654264008376,-0.005237160017227779,-1.660298109382966e-05,-177.5
723.0,0.005278487896903733,-0.005710831499599403,4.214867909627356e-06,-177.4
724.0,0.00543032152979909,-0.005794502981971029,0.0001350327169130844,-176.2
725.0,0.006202155162694446,-0.006498174464342653,0.00010585056591654155,-177.15
726.0,0.005433988795589804,-0.005801845946714277,8.666841491999856e-05,-177.6
727.0,0.005135822428485161,-0.005525517429085902,8.748626392345569e-05,-177.35
728.0,0.005337656061380518,-0.005779188911457527,-4.169588707308731e-05,-177.6
729.0,0.0065394896942758745,-0.006932860393829151,-9.087803806963029e-05,-178.0
730.0,0.005941323327171232,-0.006286531876200775,0.00013993981093382682,-176.4
731.0,0.005893156960066589,-0.0062902033585723995,9.075765993728387e-05,-177.6
732.0,0.005814990592961946,-0.006223874840944024,-3.842449105925913e-05,-177.75
733.0,0.006046824225857303,-0.006447546323315649,9.239335794419801e-05,-177.25
734.0,0.006348657858752659,-0.006931217805687274,0.00011321120694765503,-177.3
735.0,0.005750491491648017,-0.006184889288058899,-3.597094404888797e-05,-178.85
736.0,0.006172325124543373,-0.0066585607704305215,-0.00023515309504543085,-178.75
737.0,0.006424158757438731,-0.006862232252802147,-0.00013433524604197384,-179.1
738.0,0.0067559923903340886,-0.0071159037351737715,-8.35173970385168e-05,-178.5
739.0,0.007557826023229445,-0.008049575217545396,-0.0001326995480350597,-178.95
740.0,0.007109659656124802,-0.007703246699917021,-3.1881699031602664e-05,-178.15
741.0,0.006911493289020158,-0.007256918182288645,-1.0638500281455682e-06,-178.35
742.0,0.006783326921915515,-0.007130589664660269,-0.0002502460010246885,-179.65
743.0,0.006565160554810873,-0.007164261147031894,-0.00019942815202123152,-179.3
744.0,0.007866994187706231,-0.008487932629403519,-0.0001286103030177744,-178.95
745.0,0.0066388278206015875,-0.007021604111775142,-9.779245401431735e-05,-178.95
746.0,0.006890661453496944,-0.007225275594146768,-0.0002469746050108603,-180.0
747.0,0.006972495086392302,-0.007528947076518392,-0.00012615675600740324,-178.6
748.0,0.008244328719287658,-0.008852618558890017,-0.00014533890700394622,-178.85
749.0,0.007576162352183015,-0.007956290041261641,-0.0001245210580004892,-178.9
750.0,0.007827995985078374,-0.008139961523633266,-0.00019370320899703207,-179.7
751.0,0.007249829617973729,-0.00759363300600489,-9.288535999357503e-05,-178.7
752.0,0.007751663250869087,-0.008117304488376513,-0.00019206751099011792,-179.7
753.0,0.008233496883764443,-0.00865097597074814,-7.124966198666089e-05,-178.7
754.0,0.009285330516659801,-0.009574647453119763,-2.0431812983203877e-05,-178.8
755.0,0.008687164149555157,-0.00920831893549139,-0.00018961396397974676,-179.6
756.0,0.008338997782450513,-0.008731990417863012,-0.00039879611497628975,179.45
757.0,0.009040831415345871,-0.009835661900234636,-0.0005679782659728327,178.6
758.0,0.009312665048241228,-0.009739333382606262,-0.0005671604169693756,178.7
759.0,0.008814498681136585,-0.009343004864977885,-0.0005963425679659186,178.3
760.0,0.010016332314031942,-0.010376676347349512,-0.0007655247189624616,177.25
761.0,0.009868165946927299,-0.010200347829721134,-0.0010147068699590043,176.6
762.0,0.008749999579822657,-0.009034019312092759,-0.0008138890209555475,177.25
763.0,0.010471833212718013,-0.011037690794464384,-0.0009630711719520904,177.4
764.0,0.010203666845613371,-0.010561362276836008,-0.0010622533229486333,176.45
765.0,0.011105500478508726,-0.011315033759207633,-0.0012114354739451764,175.85
766.0,0.011227334111404084,-0.011398705241579257,-0.0011906176249417192,176.1
767.0,0.011009167744299442,-0.011172376723950883,-0.0010897997759382622,176.0
768.0,0.012011001377194798,-0.012256048206322506,-0.0012589819269348051,176.05
769.0,0.011532835010090156,-0.01232971968869413,-0.0012081640779313479,176.25
770.0,0.012934668642985514,-0.012983391171065756,-0.0016873462289278911,174.45
771.0,0.013816502275880868,-0.01381706265343738,-0.001906528379924434,174.35
772.0,0.011888335908776226,-0.012020734135809005,-0.0017057105309209767,173.95
773.0,0.012170169541671584,-0.01229440561818063,-0.0017848926819175196,173.95
774.0,0.01249200317456694,-0.012628077100552252,-0.0019040748329140628,173.5
775.0,0.013593836807462298,-0.013681748582923878,-0.0021832569839106055,173.3
776.0,0.014475670440357654,-0.014455420065295502,-0.0025824391349071486,172.0
777.0,0.013127504073253011,-0.013259091547667128,-0.0023016212859036916,171.95
778.0,0.013279337706148368,-0.013312763030038751,-0.0025808034369002343,171.1
779.0,0.014401171339043726,-0.014446434512410376,-0.0028299855878967774,170.75
780.0,0.01638300497193908,-0.016350105994782,-0.0031491677388933203,171.0
781.0,0.01670483860483444,-0.016723777477153624,-0.003648349889889863,169.65
782.0,0.016256672237729797,-0.01597744895952525,-0.0035775320408864063,169.85
783.0,0.017588505870625153,-0.017281120441896874,-0.004246714191882949,168.4
784.0,0.01834033950352051,-0.018014791924268497,-0.004645896342879492,167.65
785.0,0.019312173136415867,-0.01943846340664012,-0.004945078493876035,167.55
786.0,0.021614006769311224,-0.021392134889011746,-0.005574260644872577,167.3
787.0,0.019115840402206583,-0.018325806371383372,-0.005323442795869122,165.85
788.0,0.01891767403510194,-0.018199477853754996,-0.005542624946865664,165.3
789.0,0.021319507667997294,-0.02070314933612662,-0.0067918070978622075,163.75
790.0,0.02210134130089265,-0.020986820818498245,-0.00744098924885875,162.9
791.0,0.02167317493378801,-0.02049049230086987,-0.0070401713998552926,163.0
792.0,0.020525008566683364,-0.01939416378324149,-0.007239353550851836,161.9
793.0,0.021026842199578722,-0.019897835265613117,-0.007788535701848379,161.15
794.0,0.02365867583247408,-0.021921506747984744,-0.009117717852844922,159.5
795.0,0.02533050946536944,-0.023655178230356365,-0.010486900003841466,158.55
796.0,0.024962343098264797,-0.02260884971272799,-0.010516082154838007,157.25
797.0,0.024964176731160154,-0.022582521195099618,-0.01101526430583455,156.2
798.0,0.02768601036405551,-0.024566192677471243,-0.012914446456831093,154.55
799.0,0.02966784399695087,-0.026019864159842865,-0.014363628607827637,153.55
800.0,0.029539677629846224,-0.02554353564221449,-0.015262810758824179,151.7
801.0,0.03204151126274158,-0.027577207124586115,-0.017611992909820722,149.65
802.0,0.031043344895636933,-0.025850878606957742,-0.017431175060817265,148.3
803.0,0.029395178528532292,-0.024004550089329363,-0.017960357211813806,145.65
804.0,0.03244701216142765,-0.025888221571700988,-0.020829539362810352,143.75
805.0,0.036298845794323006,-0.027441893054072613,-0.024608721513806893,140.85
806.0,0.03848067942721837,-0.028195564536444236,-0.026327903664803438,139.2
807.0,0.04018251306011372,-0.02836923601881586,-0.02927708581579998,136.65
808.0,0.04153434669300908,-0.027922907501187488,-0.030956267966796524,134.25
809.0,0.03905618032590443,-0.02502657898355911,-0.03177545011779307,130.6
810.0,0.04093801395879979,-0.024280250465930735,-0.03417463226878961,127.85
811.0,0.043389847591695146,-0.02341392194830236,-0.03747381441978615,124.2
812.0,0.04516168122459051,-0.021767593430673984,-0.0412029965707827,120.25
813.0,0.044993514857485865,-0.018971264913045606,-0.04217217872177924,116.25
814.0,0.042995348490381224,-0.015874936395417233,-0.04170136087277578,112.85
815.0,0.04526718212327658,-0.013728607877788858,-0.04505054302377232,108.7
816.0,0.045999015756171935,-0.010082279360160483,-0.046949725174768864,103.75
817.0,0.04927084938906729,-0.007705950842532106,-0.050648907325765415,100.05
818.0,0.04645268302196265,-0.003959622324903731,-0.04791808947676195,96.15
819.0,0.042974516654858005,-0.0007132938072753555,-0.045197271627758495,92.15
820.0,0.04472635028775336,0.00286303471035302,-0.046916453778755036,87.55
821.0,0.04572818392064872,0.005959363227981396,-0.04731563592975158,84.0
822.0,0.04408001755354408,0.008905691745609772,-0.04516481808074812,79.65
823.0,0.042661851186439434,0.010902020263238147,-0.043414000231744666,76.55
824.0,0.03776368481933479,0.012018348780866522,-0.03791318238274121,72.9
825.0,0.042065518452230145,0.015214677298494898,-0.04106236453373775,69.95
826.0,0.0405373520851255,0.017011005816123276,-0.0390615466847343,66.45
827.0,0.03841918571802086,0.01755733433375165,-0.03634072883573084,64.15
828.0,0.03354101935091622,0.017103662851380024,-0.03105991098672738,61.25
829.0,0.032422852983811576,0.0177799913690084,-0.029189093137723922,58.9
830.0,0.03179468661670694,0.018626319886636777,-0.02818827528872047,56.5
831.0,0.032476520249602285,0.020392648404265152,-0.02813745743971701,54.0
832.0,0.029948353882497645,0.019788976921893527,-0.025636639590713554,52.15
833.0,0.028550187515393004,0.019385305439521903,-0.0233358217417101,50.1
834.0,0.02490202114828836,0.018061633957150276,-0.02020500389270664,48.15
835.0,0.026383854781183717,0.019377962474778652,-0.020304186043703182,46.55
836.0,0.025905688414079076,0.01945429099240703,-0.020153368194699723,45.9
837.0,0.022587522046974434,0.017920619510035405,-0.01753255034569627,44.45
838.0,0.02148935567986979,0.01749694802766378,-0.01615173249669281,42.85
839.0,0.019741189312765146,0.016193276545292155,-0.014480914647689353,41.75
840.0,0.021493022945660502,0.01765960506292053,-0.015680096798685896,41.2
841.0,0.021544856578555857,0.018155933580548907,-0.01512927894968244,39.25
842.0,0.020196690211451217,0.01730226209817728,-0.014128461100678983,38.55
843.0,0.018718523844346573,0.016828590615805654,-0.012877643251675525,37.3
844.0,0.01787035747724193,0.016024919133434033,-0.011876825402672068,36.6
845.0,0.017022191110137287,0.015441247651062407,-0.011676007553668613,36.0
846.0,0.018774024743032646,0.017017576168690783,-0.012295189704665154,35.1
847.0,0.017475858375928,0.01601390468631916,-0.010994371855661699,34.4
848.0,0.015527692008823361,0.014660233203947534,-0.00982355400665824,33.25
849.0,0.015859525641718716,0.01495656172157591,-0.009622736157654783,32.9
850.0,0.015781359274614076,0.015152890239204285,-0.009591918308651326,31.3
851.0,0.01523319290750943,0.01466921875683266,-0.00907110045964787,31.55
852.0,0.014485026540404787,0.014065547274461035,-0.008490282610644412,31.2
853.0,0.014336860173300141,0.014061875792089411,-0.008339464761640955,30.4
854.0,0.012538693806195501,0.012658204309717789,-0.0071886469126374985,29.65
855.0,0.013040527439090857,0.013084532827346163,-0.007687829063634041,29.25
856.0,0.013592361071986215,0.013780861344974539,-0.007817011214630583,29.25
857.0,0.012144194704881572,0.012497189862602913,-0.006736193365627127,28.45
858.0,0.01199602833777693,0.01237351838023129,-0.00648537551662367,27.7
859.0,0.012227861970672285,0.012519846897859666,-0.006614557667620213,28.1
860.0,0.011229695603567643,0.01186617541548804,-0.0059337398186167555,26.45
861.0,0.011531529236463,0.012162503933116416,-0.006012921969613299,26.15
862.0,0.011383362869358357,0.01222883245074479,-0.006362104120609842,27.05
863.0,0.011035196502253715,0.011655160968373168,-0.005711286271606385,25.8
864.0,0.01015703013514907,0.011051489486001542,-0.005380468422602928,26.4
865.0,0.008858863768044428,0.009967818003629917,-0.004879650573599471,26.05
866.0,0.010160697400939785,0.011064146521258294,-0.005478832724596014,26.2
867.0,0.010092531033835143,0.01091047503888667,-0.005258014875592557,25.75
868.0,0.0108143646667305,0.011736803556515045,-0.0055571970265891,24.95
869.0,0.008966198299625855,0.01005313207414342,-0.0047063791775856425,24.6
870.0,0.009518031932521213,0.010579460591771795,-0.004875561328582185,24.35
871.0,0.00894986556541657,0.010045789109400172,-0.004504743479578728,24.15
872.0,0.009201699198311928,0.010392117627028546,-0.004603925630575271,23.45
873.0,0.008423532831207284,0.009588446144656922,-0.004253107781571814,23.85
874.0,0.00787536646410264,0.009214774662285296,-0.004002289932568357,23.2
875.0,0.008027200096997998,0.009311103179913674,-0.0039214720835649,22.75
876.0,0.008979033729893355,0.010127431697542048,-0.004220654234561443,22.55
877.0,0.008830867362788713,0.010023760215170424,-0.0040998363855579865,22.35
878.0,0.007462700995684068,0.008800088732798798,-0.0036690185365545287,23.2
879.0,0.007084534628579427,0.008496417250427175,-0.003468200687551072,21.9
880.0,0.006436368261474782,0.00786274576805555,-0.003317382838547615,22.5
881.0,0.007388201894370141,0.008689074285683926,-0.0035665649895441575,22.25
882.0,0.007820035527265498,0.0091854028033123,-0.0035957471405407004,21.1
883.0,0.007891869160160854,0.009181731320940675,-0.0037149292915372436,21.7
884.0,0.006743702793056211,0.008428059838569053,-0.003364111442533787,21.9
885.0,0.006695536425951568,0.008274388356197426,-0.0031932935935303297,19.8
886.0,0.006647370058846925,0.008090716873825803,-0.0032124757445268727,20.9
887.0,0.0069492036917422825,0.00846704539145418,-0.0033416578955234155,20.8
888.0,0.00715103732463764,0.008583373909082554,-0.0031608400465199583,19.35
889.0,0.005802870957532996,0.00730970242671093,-0.0028600221975165012,21.35
890.0,0.005954704590428354,0.007526030944339305,-0.002809204348513044,20.55
891.0,0.00628653822332371,0.007922359461967681,-0.0029583864995095873,20.1
892.0,0.006488371856219068,0.007948687979596056,-0.0028575686505061303,19.85
893.0,0.006610205489114425,0.008095016497224432,-0.003036750801502673,19.8
894.0,0.005392039122009781,0.006961345014852807,-0.0025859329524992158,20.1
895.0,0.006143872754905138,0.007707673532481183,-0.0029551151034957588,21.0
896.0,0.006145706387800495,0.007604002050109558,-0.0027342972544923015,19.8
897.0,0.005397540020695852,0.007000330567737934,-0.002453479405488845,18.95
898.0,0.00534937365359121,0.006976659085366309,-0.0024026615564853877,19.15
899.0,0.0052012072864865665,0.0068429876029946855,-0.002531843707481931,19.55
900.0,0.005323040919381923,0.00706931612062306,-0.0024010258584784734,19.0
901.0,0.0056048745522772805,0.0072156446382514354,-0.0024802080094750165,19.2
902.0,0.004906708185172638,0.0066619731558798115,-0.0023493901604715595,19.25
903.0,0.004978541818067995,0.006628301673508186,-0.0023285723114681023,18.5
904.0,0.004780375450963352,0.006374630191136562,-0.0022277544624646453,19.05
905.0,0.004232209083858709,0.005950958708764938,-0.0019769366134611884,17.9
906.0,0.004514042716754065,0.006267287226393314,-0.002226118764457731,18.9
907.0,0.005135876349649422,0.006843615744021689,-0.002325300915454274,18.45
908.0,0.00553770998254478,0.007159944261650064,-0.0023444830664508176,18.0
909.0,0.004639543615440137,0.006336272779278441,-0.0020936652174473602,19.05
910.0,0.004021377248335493,0.0057326012969068155,-0.0018428473684439029,17.85
911.0,0.004243210881230851,0.0059289298145351905,-0.001922029519440446,17.55
912.0,0.003945044514126208,0.0056952583321635665,-0.0019212116704369888,18.2
913.0,0.0047268781470215645,0.006441586849791942,-0.0020903938214335317,18.35
914.0,0.004878711779916921,0.006537915367420317,-0.002069575972430075,17.0
915.0,0.0035505454128122787,0.005284243885048693,-0.0018387581234266177,19.05
916.0,0.0036823790457076355,0.0053305724026770675,-0.0017879402744231609,17.95
917.0,0.0038542126786029925,0.005556900920305443,-0.0018371224254197034,17.5
918.0,0.00400604631149835,0.005723229437933819,-0.0018863045764162467,17.1
919.0,0.0038878799443937064,0.005599557955562195,-0.0017854867274127895,17.1
920.0,0.0034597135772890635,0.00514588647319057,-0.0015846688784093323,18.6
921.0,0.0037415472101844207,0.0053622149908189466,-0.0017638510294058754,17.45
922.0,0.0038133808430797778,0.005488543508447321,-0.0015830331804024184,16.6
923.0,0.0037452144759751345,0.005404872026075697,-0.0016822153313989612,17.45
924.0,0.003367048108870492,0.005181200543704073,-0.0015613974823955044,16.0
925.0,0.003498881741765849,0.005227529061332448,-0.001580579633392047,16.05
926.0,0.0036007153746612057,0.005273857578960824,-0.00162976178438859,16.8
927.0,0.0037025490075565624,0.0054401860965892,-0.0014589439353851332,14.05
928.0,0.0036043826404519195,0.005266514614217574,-0.001658126086381676,16.8
929.0,0.0035562162733472767,0.00528284313184595,-0.0015273082373782189,15.1
930.0,0.002958049906242634,0.004759171649474325,-0.001376490388374762,15.05
931.0,0.0029298835391379906,0.004625500167102701,-0.001405672539371305,17.45
932.0,0.003111717172033348,0.004951828684731076,-0.0014248546903678477,15.5
933.0,0.0031835508049287047,0.0049181572023594515,-0.0014240368413643908,15.15
934.0,0.003135384437824062,0.004844485719987827,-0.0014232189923609336,15.35
935.0,0.0027872180707194183,0.0045608142376162035,-0.0013024011433574768,15.85
936.0,0.003289051703614776,0.005007142755244579,-0.0015015832943540196,14.75
937.0,0.0036408853365101326,0.005283471272872954,-0.0014207654453505625,14.85
938.0,0.0030427189694054897,0.004779799790501329,-0.0014499475963471054,16.35
939.0,0.0031445526023008473,0.004796128308129704,-0.0013691297473436485,15.6
940.0,0.002396386235196204,0.00417245682575808,-0.0011983118983401914,15.05
941.0,0.0025482198680915613,0.004268785343386456,-0.0012674940493367344,15.75
942.0,0.0024800535009869176,0.004335113861014831,-0.0012966762003332774,14.4
943.0,0.0026318871338822745,0.0044614423786432066,-0.0011958583513298202,15.2
944.0,0.002503720766777632,0.004277770896271583,-0.0011450405023263632,14.65
945.0,0.002255554399672989,0.003974099413899958,-0.001114222653322906,14.7
946.0,0.002337388032568346,0.004020427931528334,-0.001193404804319449,16.6
947.0,0.0029592216654637025,0.004716756449156709,-0.0013125869553159918,14.8
948.0,0.0026410552983590595,0.004443084966785084,-0.001241769106312535,15.0
949.0,0.002442888931254417,0.00418941348441346,-0.0010609512573090778,14.2
950.0,0.002164722564149774,0.003935742002041836,-0.001040133408305621,14.0
951.0,0.002266556197045131,0.003932070519670211,-0.0011093155593021637,15.6
952.0,0.0027683898299404883,0.004428399037298586,-0.0012584977102987067,14.25
953.0,0.0027702234628358448,0.0044947275549269625,-0.0012876798612952497,14.55
954.0,0.0028720570957312024,0.004491056072555338,-0.0012868620122917927,14.7
955.0,0.002453890728626559,0.004067384590183713,-0.0012560441632883355,16.1
956.0,0.002075724361521916,0.003763713107812089,-0.0011052263142848785,15.85
957.0,0.001977557994417273,0.003710041625440464,-0.0010544084652814214,14.5
958.0,0.00202939162731263,0.0038563701430688394,-0.0010335906162779645,13.8
959.0,0.002281225260207987,0.003972698660697215,-0.0010527727672745074,14.5
960.0,0.0030330588931033443,0.00471902717832559,-0.0012519549182710503,14.8
961.0,0.002234892525998701,0.003965355695953966,-0.0010011370692675932,14.95
962.0,0.0020367261588940585,0.003741684213582342,-0.0009303192202641361,14.05
963.0,0.0018685597917894154,0.003538012731210717,-0.001049501371260679,14.6
964.0,0.002320393424684772,0.0038843412488390925,-0.001178683522257222,14.75
965.0,0.002292227057580129,0.003850669766467468,-0.001047865673253765,14.5
966.0,0.001944060690475486,0.0036269982840958434,-0.0010270478242503079,15.15
967.0,0.001795894323370843,0.003593326801724219,-0.0009262299752468508,12.95
968.0,0.0017777279562662001,0.0034896553193525946,-0.0008954121262433938,14.5
969.0,0.001999561589161557,0.00366598383698097,-0.0008745942772399368,13.5
970.0,0.0018313952220569143,0.003482312354609346,-0.0009737764282364797,16.05
971.0,0.0021532288549522714,0.003728640872237721,-0.0010429585792330227,15.2
972.0,0.0021350624878476283,0.0038049693898660965,-0.0010221407302295656,15.0
973.0,0.0024368961207429855,0.004101297907494472,-0.0011213228812261087,14.65
974.0,0.0022087297536383423,0.0038476264251228478,-0.0009905050322226514,14.4
975.0,0.001910563386533699,0.003513954942751223,-0.0009196871832191945,13.95
976.0,0.001912397019429056,0.0035602834603795986,-0.0009188693342157373,12.85
977.0,0.0025142306523244133,0.0041066119780079745,-0.0010880514852122803,14.95
978.0,0.0025160642852197703,0.004102940495636349,-0.0011672336362088232,14.5
979.0,0.0018978979181151275,0.003549269013264725,-0.0008664157872053662,12.6
980.0,0.0018497315510104843,0.0035455975308931005,-0.0008355979382019092,12.4
981.0,0.0016515651839058413,0.0031919260485214758,-0.0008847800891984521,14.7
982.0,0.0015533988168011984,0.0031882545661498516,-0.000863962240194995,13.9
983.0,0.0017052324496965555,0.003284583083778227,-0.000863144391191538,12.55
984.0,0.0018570660825919124,0.0034309116014066025,-0.0008823265421880809,13.7
985.0,0.0015088997154872692,0.003207240119034978,-0.0007315086931846238,12.8
986.0,0.0015107333483826263,0.0031035686366633537,-0.0007806908441811668,12.5
987.0,0.001612566981277983,0.003269897154291729,-0.0007598729951777097,12.45
988.0,0.0020644006141733407,0.003746225671920105,-0.0009090551461742527,13.65
989.0,0.001766234247068697,0.0033125541895484803,-0.0008282372971707957,10.8
990.0,0.0016880678799640544,0.0032088827071768554,-0.0006274194481673386,12.45
991.0,0.0013399015128594113,0.0029352112248052314,-0.0007766015991638815,13.95
992.0,0.0014917351457547684,0.0030815397424336067,-0.0007557837501604244,12.75
993.0,0.0013935687786501255,0.002947868260061982,-0.0007749659011569674,13.85
994.0,0.0018454024115454823,0.0033741967776903577,-0.0008541480521535103,13.25
995.0,0.0013772360444408395,0.002920525295318733,-0.0008533302031500532,14.65
996.0,0.0017290696773361964,0.0032368538129471085,-0.0008525123541465962,12.2
997.0,0.0016009033102315536,0.003133182330575484,-0.0007716945051431392,14.6
998.0,0.0014827369431269102,0.0030595108482038597,-0.0007708766561396821,13.75
999.0,0.0013045705760222673,0.002875839365832235,-0.0007000588071362251,13.55
1000.0,0.0010364042089176244,0.0026521678834606106,-0.000719240958132768,14.95
1001.0,0.0013582378418129815,0.002818496401088986,-0.0007684231091293109,14.5
1002.0,0.0014100714747083385,0.0029148249187173616,-0.0007676052601258539,12.9
1003.0,0.0011119051076036958,0.002661153436345737,-0.0006167874111223969,12.45
1004.0,0.0011637387404990524,0.0026574819539741125,-0.0007459695621189398,15.2
1005.0,0.0012955723733944092,0.0027338104716024885,-0.0007451517131154828,15.3
1006.0,0.0011174060062897667,0.002730138989230864,-0.0006443338641120256,13.35
1007.0,0.0012692396391851236,0.0027464675068592393,-0.0006935160151085686,12.85
1008.0,0.0011510732720804804,0.002722796024487615,-0.0006426981661051116,12.8
1009.0,0.0012529069049758376,0.0027391245421159905,-0.0006118803171016545,11.9
1010.0,0.0010747405378711947,0.0025854530597443654,-0.0007410624680981975,14.5
1011.0,0.0011065741707665516,0.0026317815773727413,-0.0006102446190947404,13.75
1012.0,0.0012284078036619087,0.0027781100950011167,-0.0007394267700912833,13.4
1013.0,0.0014102414365572656,0.002904438612629492,-0.0007386089210878263,14.9
1014.0,0.0013320750694526223,0.002770767130257868,-0.0006377910720843693,12.4
1015.0,0.0011639087023479794,0.002567095647886243,-0.0006369732230809121,11.45
1016.0,0.0009857423352433363,0.0024634241655146186,-0.0006361553740774551,13.1
1017.0,0.0012175759681386936,0.0026397526831429944,-0.0007353375250739981,14.35
1018.0,0.0012194096010340505,0.0026360812007713698,-0.000604519676070541,14.2
1019.0,0.0009712432339294079,0.002452409718399745,-0.0005837018270670839,12.05
1020.0,0.0009230768668247646,0.002448738236028121,-0.0005828839780636268,10.05
1021.0,0.0008749104997201216,0.0023250667536564964,-0.0005820661290601698,12.05
1022.0,0.0010467441326154786,0.002521395271284872,-0.0006812482800567128,13.75
1023.0,0.0010985777655108358,0.0025677237889132473,-0.0006804304310532557,10.85
1024.0,0.0011504113984061929,0.0027340523065416227,-0.00042961258204979866,10.35
1025.0,0.0009322450313015496,0.0023603808241699983,-0.0006287947330463416,13.55
1026.0,0.0007340786641969067,0.002176709341798374,-0.0006279768840428845,13.95
1027.0,0.0009359122970922637,0.0023530378594267495,-0.0006271590350394275,12.9
1028.0,0.0010877459299876208,0.0026493663770551248,-0.0005463411860359705,11.3
1029.0,0.0013395795628829775,0.0027656948946835004,-0.0006955233370325133,13.8
1030.0,0.0009414131957783348,0.002342023412311876,-0.0004747054880290563,12.2
1031.0,0.0008432468286736919,0.002238351929940251,-0.0006238876390255992,15.15
1032.0,0.0010450804615690487,0.0025046804475686267,-0.0005430697900221422,9.9
1033.0,0.0011969140944644056,0.0025810089651970023,-0.0004922519410186851,12.35
1034.0,0.0011987477273597627,0.0025473374828253775,-0.000571434092015228,10.85
1035.0,0.0008705813602551196,0.0022936660004537535,-0.000540616243011771,12.05
1036.0,0.0008224149931504768,0.0022199945180821287,-0.000619798394008314,13.5
1037.0,0.0009742486260458339,0.002416323035710504,-0.0004889805450048569,11.05
1038.0,0.001006082258941191,0.00238265155333888,-0.0006181626960013999,13.4
1039.0,0.0008779158918365477,0.0022589800709672554,-0.0005373448469979428,12.7
1040.0,0.0008297495247319049,0.0021753085885956305,-0.0005365269979944857,11.4
1041.0,0.000831583157627262,0.0023016371062240066,-0.0005357091489910287,11.55
1042.0,0.000983416790522619,0.002297965623852382,-0.0005648912999875717,13.2
1043.0,0.0008652504234179762,0.002244294141480757,-0.00048407345098411454,11.8
1044.0,0.0007370840563133327,0.002110622659109133,-0.0004832556019806575,11.85
1045.0,0.0006389176892086898,0.001986951176737508,-0.00043243775297720043,12.6
1046.0,0.0007207513221040467,0.002033279694365884,-0.0005316199039737434,13.25
1047.0,0.0009425849549994038,0.0023996082119942595,-0.0005608020549702864,11.7
1048.0,0.0008444185878947611,0.0021759367296226347,-0.00045998420596682924,11.55
1049.0,0.000676252220790118,0.0019722652472510104,-0.0004591663569633722,13.0
1050.0,0.000648085853685475,0.0019685937648793858,-0.0004783485079599152,15.05
1051.0,0.0007499194865808318,0.0020849222825077614,-0.0006075306589564581,14.5
1052.0,0.0010517531194761888,0.002361250800136137,-0.000556712809953001,10.8
1053.0,0.0011035867523715459,0.0024075793177645126,-0.0005258949609495441,9.0
1054.0,0.000955420385266903,0.002223907835392888,-0.0005550771119460869,12.05
1055.0,0.00080725401816226,0.0021002363530212634,-0.0005742592629426299,14.3
1056.0,0.001039087651057617,0.0022665648706496387,-0.0005734414139391729,13.75
1057.0,0.0010409212839529742,0.0022428933882780145,-0.0006026235649357158,14.5
1058.0,0.001012754916848331,0.0022392219059063903,-0.0005718057159322588,11.8
1059.0,0.0008645885497436882,0.0021855504235347655,-0.0004709878669288016,11.8
1060.0,0.0008664221826390451,0.0020818789411631406,-0.0005201700179253446,11.7
1061.0,0.0008182558155344021,0.0020982074587915164,-0.0004693521689218876,11.4
1062.0,0.0007000894484297591,0.001924535976419892,-0.0005185343199184305,13.0
1063.0,0.0006519230813251161,0.0019208644940482673,-0.00044771647091497343,13.0
1064.0,0.0006037567142204731,0.0018371930116766431,-0.0003468986219115164,10.65
1065.0,0.00067559034711583,0.0019335215293050183,-0.0005160807729080593,13.0
1066.0,0.000777423980011187,0.002029850046933394,-0.00044526292390460227,12.4
1067.0,0.0007092576129065441,0.001956178564561769,-0.00046444507490114525,12.85
1068.0,0.0005110912458019009,0.0017725070821901453,-0.0004636272258976881,13.7
1069.0,0.00046292487869725816,0.0016688355998185206,-0.00041280937689423114,13.4
1070.0,0.0005347585115926153,0.001795164117446896,-0.0005119915278907741,12.35
1071.0,0.0006665921444879721,0.0018114926350752715,-0.000561173678887317,17.4
1072.0,0.000688425777383329,0.0018878211527036468,-0.00046035582988385995,13.2
1073.0,0.0007402594102786865,0.0019341496703320221,-0.0005395379808804028,11.4
1074.0,0.0005720930431740432,0.0017504781879603983,-0.0004587201318769458,14.05
1075.0,0.00042392667606940015,0.0016268067055887738,-0.0004379022828734888,13.6
1076.0,0.0007257603089647572,0.001923135223217149,-0.00043708443387003166,12.4
1077.0,0.000847593941860114,0.0020194637408455242,-0.0005062665848665747,12.25
1078.0,0.0006794275747554713,0.0017857922584738999,-0.00040544873586311766,12.75
1079.0,0.00048126120765082814,0.0016621207761022751,-0.0003346308868596605,10.3
1080.0,0.0005330948405461852,0.0016584492937306513,-0.00030381303785620347,9.75
1081.0,0.000504928473441542,0.0016747778113590267,-0.0003329951888527465,12.05
1082.0,0.0005567621063368995,0.001721106328987402,-0.00045217733984928934,13.9
1083.0,0.0003885957392322564,0.0015974348466157775,-0.0003013594908458323,9.15
1084.0,0.0003904293721276133,0.0015937633642441528,-0.00040054164184237523,15.15
1085.0,0.00049226300502297,0.001610091881872528,-0.0004297237928389182,13.3
1086.0,0.0002940966379183271,0.0014564203995009043,-0.0003789059438354612,11.0
1087.0,0.00046593027081368445,0.0015827489171292798,-0.00037808809483200407,11.75
1088.0,0.0005177639037090413,0.0015790774347576551,-0.000297270245828547,7.1
1089.0,0.00034959753660439817,0.0014754059523860304,-0.00029645239682509,8.85
1090.0,0.0004714311694997552,0.0015217344700144057,-0.0003956345478216329,12.75
1091.0,0.0003732648023951125,0.0014880629876427812,-0.00032481669881817587,14.0
1092.0,0.0006550984352904695,0.0017343915052711574,-0.00044399884981471884,12.9
1093.0,0.0005569320681858263,0.0016807200228995327,-0.00037318100081126175,11.05
1094.0,0.00027876570108118317,0.001357048540527908,-0.0004223631518078047,15.25
1095.0,0.0003605993339765401,0.0014533770581562834,-0.0003215453028043477,12.25
1096.0,0.00041243296687189755,0.0014497055757846588,-0.00029072745380089054,9.9
1097.0,0.00041426659976725446,0.0014660340934130342,-0.00031990960479743355,10.65
1098.0,0.0003361002326626114,0.0014423626110414104,-0.0004190917557939764,14.5
1099.0,0.00028793386555796816,0.0013386911286697857,-0.0002882739067905194,9.25
1100.0,0.00046976749845332555,0.0015350196462981611,-0.0003174560577870624,11.2
1101.0,0.0005216011313486824,0.0015813481639265364,-0.0003866382087836053,13.4
1102.0,0.0006934347642440393,0.0017776766815549119,-0.0002858203597801482,10.1
1103.0,0.00029526839713939624,0.001324005199183288,-0.0002850025107766912,11.75
1104.0,0.00039710203003475364,0.0013903337168116633,-0.0002841846617732341,11.55
1105.0,0.0002489356629301106,0.0012666622344400388,-0.0003833668127697771,14.25
1106.0,0.00048076929582546745,0.001462990752068414,-0.0003825489637663201,12.55
1107.0,0.0006326029287208243,0.0016593192696967895,-0.00031173111476286294,9.45
1108.0,0.0005044365616161813,0.0015256477873251647,-0.0002809132657594059,9.15
1109.0,0.0003062701945115386,0.001321976304953541,-0.0004100954167559489,10.25
1110.0,0.00048810382740689553,0.0013983048225819164,-0.0003792775677524918,10.05
1111.0,0.0005099374603022525,0.0014946333402102918,-0.0003784597187490348,12.4
1112.0,0.0005917710931976094,0.001560961857838667,-0.00035764186974557766,8.75
1113.0,0.00031360472609296666,0.0012872903754670424,-0.0004268240207421206,15.95
1114.0,0.0002454383589883236,0.0012536188930954177,-0.0002760061717386636,11.35
1115.0,0.0003672719918836806,0.001379947410723794,-0.00027518832273520645,10.65
1116.0,0.0005491056247790374,0.0015262759283521693,-0.00047437047373174947,12.85
1117.0,0.00030093925767439426,0.0012726044459805447,-0.0002535526247282924,9.45
1118.0,0.00032277289056975166,0.00133893296360892,-0.0002727347757248353,9.15
1119.0,0.00035460652346510865,0.0013352614812372954,-0.0001719169267213783,9.25
1120.0,0.00047644015636046544,0.0014115899988656707,-0.0003510990777179213,11.2
1121.0,0.00042827378925582244,0.001377918516494047,-0.00047028122871446416,15.35
1122.0,0.0003101074221511797,0.0012242470341224223,-0.0002494633797110071,8.5
1123.0,0.0002319410550465366,0.0012005755517507978,-0.0002486455307075501,7.05
1124.0,0.00033377468794189356,0.001266904069379173,-0.000297827681704093,10.1
1125.0,0.00036560832083725055,0.0012632325870075485,-0.000367009832700636,13.55
1126.0,0.00028744195373260747,0.0013095611046359237,-0.0002461919836971788,9.9
1127.0,0.00016927558662796472,0.0010858896222643,-0.00021537413469372184,8.7
1128.0,0.00017110921952332163,0.0010822181398926754,-0.00021455628569026482,12.6
1129.0,0.0003229428524186785,0.0012285466575210507,-0.0003437384366868077,10.4
1130.0,0.0004747764853140356,0.0014248751751494261,-0.00029292058768335067,10.05
1131.0,0.0005266101182093929,0.0013712036927778014,-0.0002621027386798936,8.85
1132.0,0.0002484437511047497,0.0011675322104061768,-0.00016128488967643654,7.8
1133.0,0.00020027738400010668,0.001133860728034553,-0.00016046704067297952,9.95
1134.0,0.0004521110168954636,0.0013601892456629283,-0.0004096491916695225,13.85
1135.0,0.00035394464979082046,0.0012265177632913037,-0.0003388313426660654,11.35
1136.0,0.00033577828268617775,0.001202846280919679,-0.0002580134936626083,11.55
1137.0,0.00028761191558153475,0.0011191747985480544,-0.00035719564465915135,16.45
1138.0,0.00018944554847689162,0.0010655033161764299,-0.00023637779565569418,12.85
1139.0,0.0003912791813722486,0.001191831833804806,-0.00025555994665223716,10.25
1140.0,0.00034311281426760583,0.0011881603514331813,-0.00025474209764878003,11.55
1141.0,0.0002449464471629629,0.0010844888690615566,-0.00023392424864532302,11.3
1142.0,0.00014678008005831978,0.0009808173866899322,-0.000253106399641866,12.0
1143.0,9.861371295367678e-05,0.0009471459043183075,-0.0002022885506384089,12.95
1144.0,0.0002704473458490339,0.0010934744219466836,-0.0002814707016349519,13.2
1145.0,0.000172280978744391,0.001089802939575059,-0.00023065285263149484,11.35
1146.0,0.00020411461163974778,0.0010661314572034343,-0.0002498350036280377,9.95
1147.0,0.00017594824453510483,0.0010324599748318098,-0.0002490171546245807,11.8
1148.0,0.00010778187743046177,0.0009287884924601851,-0.0002481993056211237,9.8
1149.0,0.0002596155103258191,0.0010751170100885604,-0.00019738145661766658,9.1
1150.0,0.0002314491432211759,0.0010214455277169367,-0.00022656360761420954,12.4
1151.0,0.00011328277611653294,0.000897774045345312,-0.00014574575861075244,10.8
1152.0,8.511640901188978e-05,0.0008641025629736873,-0.00019492790960729542,10.8
1153.0,0.000286950041907247,0.0010604310806020627,-0.0001441100606038384,6.05
1154.0,0.00021878367480260394,0.001036759598230438,-0.00019329221160038128,9.45
1155.0,0.000190617307697961,0.0010330881158588134,-0.00019247436259692426,9.8
1156.0,0.00014245094059331777,0.0009794166334871897,-0.00022165651359346721,12.45
1157.0,0.00019428457348867481,0.000975745151115565,-0.0002208386645900101,13.7
1158.0,7.611820638403206e-05,0.0008720736687439403,-0.0001400208155865531,7.35
1159.0,0.0001279518392793891,0.0008384021863723156,-0.00023920296658309605,12.45
1160.0,0.000279785472174746,0.001034730704000691,-0.00013838511757963896,8.1
1161.0,0.00018161910507010284,0.0008810592216290665,-0.0002175672685761819,8.7
1162.0,0.0001034527379654602,0.0008573877392574426,-0.0002367494195727249,11.8
1163.0,0.00013528637086081719,0.000853716256885818,-0.0001359315705692678,8.25
1164.0,5.712000375617389e-05,0.0007500447745141933,-0.00013511372156581078,11.25
1165.0,0.00020895363665153098,0.0009663732921425688,-0.00033429587256235367,16.9
1166.0,0.00019078726954688784,0.0008627018097709441,-0.00026347802355889663,15.65
1167.0,0.00011262090244224519,0.0007590303273993194,-0.00018266017455543962,11.8
1168.0,-5.5454646623979975e-06,0.0006853588450276957,-0.00021184232555198246,13.15
1169.0,6.628816823295888e-05,0.0008016873626560709,-0.00021102447654852544,12.05
1170.0,0.00016812180112831584,0.0008480158802844464,-0.00021020662754506843,8.85
1171.0,6.995543402367314e-05,0.0007443443979128217,-0.0002093887785416113,10.8
1172.0,2.1789066919030136e-05,0.000740672915541197,-0.0001785709295381543,12.3
1173.0,-9.637730018561283e-05,0.0005870014331695724,-0.0001277530805346973,13.0
1174.0,0.00015545633270974408,0.0008333299507979487,-7.693523153124015e-05,6.9
1175.0,0.00012728996560510092,0.000809658468426324,-0.00012611738252778316,9.4
1176.0,5.9123598500458296e-05,0.0007759869860546993,-0.00010529953352432614,8.6
1177.0,0.00013095723139581517,0.0007723155036830746,-0.000174481684520869,10.2
1178.0,0.00011279086429117203,0.00076864402131145,-0.00022366383551741196,16.05
1179.0,6.462449718652903e-05,0.0007649725389398253,-0.00017284598651395487,9.6
1180.0,0.00021645813008188634,0.0009113010565682017,-0.00010202813751049785,5.45
1181.0,8.829176297724312e-05,0.0007576295741965769,-0.00017121028850704083,11.8
1182.0,2.012539587260007e-05,0.0006339580918249524,-0.00022039243950358367,11.25
1183.0,9.195902876795695e-05,0.0007502866094533276,-0.00019957459050012666,9.6
1184.0,0.00022379266166331442,0.0008766151270817031,-0.00019875674149666964,8.85
1185.0,0.00022562629455867133,0.0007929436447100793,-0.0002179388924932125,12.0
1186.0,9.745992745402812e-05,0.0008192721623384548,-0.0002171210434897555,14.2
1187.0,4.9293560349385115e-05,0.0006656006799668299,-0.00011630319448629851,12.55
1188.0,8.11271932447421e-05,0.0007619291975952053,-0.00011548534548284139,10.8
1189.0,3.296082614009932e-05,0.0006082577152235807,-0.00019466749647938434,11.8
1190.0,0.00020479445903545624,0.000724586232851956,-0.00024384964747592734,12.7
1191.0,0.00020662809193081316,0.0008509147504803323,-0.0002130317984724702,12.45
1192.0,5.846172482617011e-05,0.0007472432681087076,-0.0001622139494690132,10.8
1193.0,0.00019029535772152758,0.0007935717857370831,-0.00021139610046555605,12.7
1194.0,0.00026212899061688446,0.0008399003033654584,-0.00011057825146209907,8.7
1195.0,6.396262351224128e-05,0.0007062288209938336,-8.976040245864194e-05,8.6
1196.0,4.5796256407598136e-05,0.0006025573386222091,-8.894255345518503e-05,7.7
1197.0,9.762988930295518e-05,0.0006288858562505852,-0.0001081247044517279,12.85
1198.0,0.00019946352219831257,0.0008252143738789607,-0.00010730685544827078,13.6
1199.0,0.00012129715509366927,0.000721542891507336,-8.648900644481387e-05,4.7
1200.0,0.00010313078798902635,0.0006878714091357113,-5.567115744135672e-05,7.35
1201.0,-0.00014503557911561674,0.0004341999267640867,-5.4853308437899595e-05,8.85
1202.0,-7.320194622025943e-05,0.0004805284443924621,-0.0001540354594344427,8.4
1203.0,0.00040863168667509744,0.0008268569620208384,-8.321761043098558e-05,5.15
1204.0,0.00021046531957045447,0.0006731854796492135,-8.239976142752846e-05,5.0
1205.0,0.00013229895246581118,0.0006695139972775889,-0.00015158191242407154,10.35
1206.0,8.413258536116817e-05,0.0005958425149059643,-8.076406342061442e-05,8.95
1207.0,0.00018596621825652557,0.0006921710325343397,-0.0001499462144171573,11.55
1208.0,0.00018779985115188248,0.000688499550162715,-0.00014912836541370038,8.4
1209.0,3.963348404723943e-05,0.0005348280677910913,-9.831051641024326e-05,9.15
1210.0,-8.53288305740379e-06,0.00048115658541946675,-9.749266740678614e-05,9.35
1211.0,0.0001733007498379536,0.0006474851030478419,-0.000146674818403329,9.6
1212.0,9.513438273331051e-05,0.0005238136206762174,-0.0001458569693998721,11.8
1213.0,9.696801562866742e-05,0.0005401421383045928,-9.503912039641497e-05,10.05
1214.0,2.880164852402437e-05,0.0004364706559329681,-7.422127139295785e-05,8.4
1215.0,-4.936471858061871e-05,0.0003827991735613443,-9.340342238950094e-05,11.85
1216.0,-4.7531085685261366e-05,0.0004291276911897197,-7.258557338604382e-05,11.25
1217.0,0.00020430254721009555,0.000675456208818095,-0.00019176772438258665,12.7
1218.0,3.613618010545245e-05,0.0005017847264464704,-0.00019094987537912974,13.45
1219.0,-1.2030186999190551e-05,0.0003981132440748457,-4.013202637567263e-05,7.0
1220.0,5.980344589616676e-05,0.0004944417617032211,-0.0001893141773722155,14.15
1221.0,4.163707879152362e-05,0.0004107702793315973,-0.00018849632836875858,14.5
1222.0,0.0001634707116868804,0.0005570987969599726,-0.00021767847936530148,13.25
1223.0,0.0001453043445822375,0.0005334273145883479,-6.686063036184437e-05,10.8
1224.0,4.713797747759479e-05,0.00042975583221672347,-0.00013604278135838745,11.25
1225.0,-1.028389627048213e-06,0.0004260843498450988,-0.00013522493235493033,13.8
1226.0,5.080524326830861e-05,0.00042241286747347504,-0.00016440708335147317,13.45
1227.0,2.6388761636656106e-06,0.00036874138510185027,-0.00016358923434801626,15.55
1228.0,-2.5527490940977556e-05,0.0003650699027302256,-8.277138534455917e-05,9.85
1229.0,0.0001063061419543797,0.0004113984203586011,-0.000181953536341102,16.4
1230.0,5.8139774849736694e-05,0.0003777269379869764,-0.00013113568733764513,12.4
1231.0,-9.002659225490635e-05,0.0003240554556153517,3.9682161665811994e-05,3.0
1232.0,0.00016180704064045056,0.0005203839732437279,-2.949998933073086e-05,7.35
1233.0,-1.635932646419213e-05,0.00034671249087210327,-7.868214032727397e-05,10.35
1234.0,6.547430643116478e-05,0.00039304100850047876,-5.786429132381685e-05,9.35
1235.0,6.730793932652169e-05,0.00035936952612885403,-0.00012704644232035972,10.1
1236.0,0.00011914157222187851,0.00045569804375722943,-0.0002062285933169028,14.15
1237.0,7.097520511723551e-05,0.00043202656138560474,-7.541074431344569e-05,8.05
1238.0,7.280883801259286e-05,0.00034835507901398097,-5.459289530998856e-05,8.4
1239.0,-2.5357529092050277e-05,0.0003446835966423563,-5.377504630653144e-05,7.0
1240.0,-3.523896196693313e-06,0.0003210121142707316,-0.00012295719730307452,13.0
1241.0,7.830973669866359e-05,0.0004373406318991071,-5.21393482996174e-05,5.1
1242.0,0.00013014336959402085,0.0004636691495274823,-1.3214992961602535e-06,7.5
1243.0,-4.8022997510622167e-05,0.0002599976671558578,-5.050365029270337e-05,9.6
1244.0,3.810635384734768e-06,0.00027632618478423395,-4.968580128924624e-05,8.4
1245.0,-1.4355731719908373e-05,0.00030265470241260927,-4.8867952285789115e-05,8.65
1246.0,7.477901175448592e-06,0.0002989832200409846,-4.8050103282332206e-05,9.85
1247.0,3.9311534070806016e-05,0.00029531173766936,-0.00014723225427887504,13.8
1248.0,-8.854833033837203e-06,0.00026164025529773537,-4.6414405275417954e-05,8.85
1249.0,-8.702120013848028e-05,0.00023796877292611078,0.00016440344372803896,3.1
1250.0,9.481243275687667e-05,0.00038429729055448696,-1.4778707268503895e-05,4.2
1251.0,4.66460656522341e-05,0.00028062580818286227,-6.396085826504679e-05,9.85
1252.0,-5.1520301452409037e-05,0.0002269543258112377,-6.314300926158988e-05,17.95
1253.0,7.031333144294776e-05,0.00029328284343961303,-0.00011232516025813275,12.7
1254.0,-2.785303566169527e-05,0.00023961136106798837,8.49268874532439e-06,10.1
1255.0,2.3980597233661666e-05,0.00028593987869636375,-0.00016068946225121869,15.2
1256.0,-4.4185769870980956e-05,0.00018226839632473992,-0.00010987161324776159,13.25
1257.0,-4.2352136975624044e-05,0.00017859691395311528,-9.053764244304447e-06,10.65
1258.0,2.9481495919732835e-05,0.00025492543158149063,-3.823591524084756e-05,5.6
1259.0,0.00011131512881508974,0.00027125394920986604,-3.741806623739044e-05,6.85
1260.0,-0.00013685123828955292,6.758246683824141e-05,-6.600217233933286e-06,5.2
1261.0,-6.501760539419604e-05,0.00014391098446661762,-0.00015578236823047636,18.3
1262.0,-0.00011318397249883915,0.00014023950209499298,-0.00013496451922701924,14.9
1263.0,-6.135033960348222e-05,0.00015656801972336828,-4.1466702235621255e-06,15.25
1264.0,9.048329329187509e-05,0.0002528965373517437,-0.00010332882122010502,13.8
1265.0,-0.00010768307381276798,9.922505498011897e-05,-3.2510972216648115e-05,12.65
1266.0,2.4150559082588945e-05,0.00022555357260849434,-5.169312321319099e-05,9.85
1267.0,2.5984191977945856e-05,0.0001918820902368706,1.912472579026616e-05,9.1
1268.0,9.781782487330274e-05,0.000168210607865246,-0.00010005742520627695,13.35
1269.0,9.965145776866008e-05,0.00021453912549362127,-9.923957620281982e-05,10.1
1270.0,0.00010148509066401699,0.00021086764312199663,1.5782728006373222e-06,8.4
1271.0,-1.6681276440625977e-05,0.000127196160750372,-2.7603878195905793e-05,11.2
1272.0,-1.4847643545269065e-05,0.00012352467837874735,-4.6786029192448666e-05,14.9
1273.0,3.6985989350088195e-05,0.0001698531960071236,-2.596818018899154e-05,11.85
1274.0,0.00010881962224544507,0.00021618171363549897,2.484966881446539e-05,7.2
1275.0,1.0653255140802048e-05,0.00011251023126387428,-4.4332482182077505e-05,10.9
1276.0,-5.7513111963841007e-05,5.883874889224961e-05,-2.351463317862038e-05,11.55
1277.0,-8.567947906848417e-05,5.516726652062497e-05,-2.269678417516347e-05,8.7
1278.0,-3.8458461731267265e-06,0.00010149578414900035,-4.1878935171706344e-05,9.1
1279.0,4.79877867222301e-05,0.00012782430177737665,-4.106108616824922e-05,10.9
1280.0,-1.785803824129028e-07,9.415281940575193e-05,9.756762835207714e-06,9.1
1281.0,7.165505251294398e-05,0.00012048133703412736,1.057461183866484e-05,5.75
1282.0,3.4886854083013546e-06,0.00011680985466250272,1.1392460842121966e-05,4.65
1283.0,0.00012532231830365815,0.00013313837229087801,3.221030984557887e-05,5.9
1284.0,7.715595119901515e-05,0.00012946688991925337,-3.697184115096402e-05,7.4
1285.0,0.00015898958409437205,0.00027579540754762966,-0.00011615399214750686,11.0
1286.0,6.0823216989728916e-05,0.00017212392517600497,1.4663856855950036e-05,8.4
1287.0,-1.734315011491373e-05,4.845244280438034e-05,1.548170585940716e-05,11.2
1288.0,-1.550951721955682e-05,9.478096043275572e-05,3.6299554862864286e-05,9.35
1289.0,-0.00011367588432419984,-3.8890521938868944e-05,1.7117403866321197e-05,12.65
1290.0,-0.00011184225142884293,-4.256200431049359e-05,-1.2064747130221702e-05,3.7
1291.0,-6.000861853348567e-05,3.376651331788263e-05,-8.124689812676457e-05,15.35
1292.0,4.1825014361871284e-05,5.009503094625793e-05,-1.042904912330745e-05,4.95
1293.0,7.365864725722817e-05,9.64235485746333e-05,-9.611200119850541e-06,10.65
1294.0,-2.450771984741486e-05,2.2752066203008694e-05,4.120664888360661e-05,6.55
1295.0,-2.2674086952057513e-05,1.908058383138405e-05,-0.00012797550211293625,17.1
1296.0,0.0002291595459432993,0.0001354091014597594,-2.715765310947938e-05,11.0
1297.0,-6.900682116134371e-05,-8.826238091186442e-05,-6.339804106022254e-06,11.15
1298.0,-6.71731882659868e-05,8.066136716510983e-06,2.4478044897434896e-05,11.55
1299.0,-0.00011533955537062991,-2.560534565511374e-05,9.529589390089179e-05,3.35
1300.0,-4.35059224752726e-05,7.231719732616942e-07,-3.886257095651093e-06,5.1
1301.0,-4.167228957991569e-05,-2.9483103983629503e-06,-3.0684080921939674e-06,8.0
1302.0,4.0161343315441326e-05,-6.619792769986727e-06,-2.2250559088737057e-05,15.35
1303.0,1.199497621079816e-05,3.970872485838865e-05,-1.4327100852799324e-06,9.6
1304.0,-3.617139089384452e-05,-1.3962757513236016e-05,4.9385138918177216e-05,15.35
1305.0,-3.4337757998487606e-05,-4.763423988486074e-05,-1.9797012078365896e-05,10.9
1306.0,0.00011749587489686937,4.869427774351466e-05,-9.897916307490874e-05,9.85
1307.0,-0.00010067049220777375,-0.00010497720462810994,0.00010183868592854836,7.7
1308.0,-4.8836859312416814e-05,2.1351313000266296e-05,2.6565349320052634e-06,6.55
1309.0,-7.700322641705944e-05,-0.00013232016937135842,-1.652561606453761e-05,14.0
1310.0,-4.516959352170256e-05,-0.00011599165174298301,4.292232938919515e-06,9.25
1311.0,-2.33359606263457e-05,-6.966313411460774e-05,-0.00011488991805762354,17.1
1312.0,-9.150232773098876e-05,-0.00014333461648623235,5.592793094583357e-05,9.25
1313.0,-0.00013966869483563143,-0.00019700609885785702,3.67457799492907e-05,9.6
1314.0,-0.00011783506194027447,-0.00015067758122948077,3.756362895274761e-05,9.25
1315.0,-0.0001360014290449176,-0.00025434906360110535,5.8381477956204734e-05,7.7
1316.0,-6.416779614956062e-05,-8.80205459727301e-05,9.199326959661837e-06,7.2
1317.0,-3.233416325420374e-05,-9.169202834435474e-05,6.0017175963118986e-05,10.2
1318.0,-6.0500530358846365e-05,-9.536351071597938e-05,-9.164975033424126e-06,5.55
1319.0,-5.866689746348945e-05,-0.00019903499308760396,4.165287397003302e-05,13.05
1320.0,2.316673543186745e-05,-7.270647545922773e-05,0.00014247072297349014,8.45
1321.0,-2.499963167277566e-05,-7.637795783085237e-05,-6.711428023052965e-06,10.2
1322.0,-5.3165998777418284e-05,-0.00018004944020247706,-0.0001058935790195958,14.5
1323.0,-1.332365882061458e-06,-8.372092257410166e-05,0.00011492426998386129,13.25
1324.0,-9.949873298670448e-05,-0.00018739240494572635,-4.2578810126818044e-06,15.45
1325.0,-6.76651000913476e-05,-0.00012106388731735103,0.00014655996799077534,5.2
1326.0,-0.00016583146719599063,-0.0002447353696889748,1.7377816994232446e-05,7.9
1327.0,-6.399783430063334e-05,-0.00019840685206059942,0.00011819566599768936,5.95
1328.0,-6.216420140527643e-05,-0.0002520783344322241,-9.864849988535176e-07,15.45
1329.0,-0.00011033056850991954,-0.0002057498168038487,1.9831364004603607e-05,9.25
1330.0,-8.849693561456258e-05,-0.00025942129917547337,2.0649213008060516e-05,13.95
1331.0,-3.666330271920521e-05,-0.00014309278154709803,7.146706201151766e-05,7.2
1332.0,-0.00010482966982384837,-0.0002667642639187218,0.00020228491101497478,5.95
1333.0,-8.299603692849141e-05,-0.00022043574629034641,5.31027600184317e-05,13.95
1334.0,-5.116240403313453e-05,-0.00022410722866197106,3.920609021888804e-06,11.15
1335.0,-4.932877113777718e-05,-0.0002277787110335957,5.473845802534595e-05,9.25
1336.0,-7.749513824242024e-05,-0.00023145019340522035,5.556307028802839e-06,14.5
1337.0,-4.566150534706336e-05,-0.000235121675776845,6.374156032259965e-06,9.25
1338.0,-4.3827872451706446e-05,-0.00023879315814846877,7.719200503571711e-05,11.15
1339.0,-0.00014199423955634947,-0.0003924646405200934,-4.1990145960825996e-05,15.05
1340.0,-0.00014016060666099213,-0.0003761361228917181,2.8827703042631124e-05,12.85
1341.0,-0.00011832697376563527,-0.0002998076052633427,7.964555204608827e-05,9.95
1342.0,-3.6493340870278365e-05,-0.00025347908763496735,6.0463401049545184e-05,13.05
1343.0,-8.465970797492148e-05,-0.0002571505700065911,0.0001312812500530023,5.95
1344.0,-8.282607507956413e-05,-0.0003108220523782158,-3.790090094354058e-05,13.95
1345.0,-8.099244218420722e-05,-0.00031449353474984044,1.2916948059916539e-05,14.5
1346.0,4.084119071114968e-05,-0.000248165017121465,1.3734797063373448e-05,12.25
1347.0,9.267482360650662e-05,-0.00012183649949308963,3.455264606683057e-05,9.1
1348.0,-0.00010549154349813645,-0.0003755079818647143,3.53704950702877e-05,4.1
1349.0,-7.365791060277914e-05,-0.0002791794642363381,3.618834407374461e-05,4.1
1350.0,4.8175722292577764e-05,-0.00018285094660796272,0.00013700619307720175,6.75
1351.0,9.355187934761457e-09,-0.0002865224289795874,3.782404208065886e-05,5.55
1352.0,-1.815701191670838e-05,-0.00029019391135121206,6.864189108411579e-05,9.25
1353.0,-4.6323379021351004e-05,-0.00032386539372283667,0.0001394597400875729,4.1
1354.0,5.510253874005931e-06,-0.00029753687609446135,2.027758909103002e-05,13.05
1355.0,5.734388676936276e-05,-0.00020120835846608508,9.109543809448695e-05,1.8
1356.0,9.177519664719754e-06,-0.0002848798408377097,-5.808671290205591e-05,8.7
1357.0,-8.988847439923386e-06,-0.00023855132320933445,0.0001727311361014012,7.2
1358.0,-7.155214544566041e-06,-0.000292222805580959,7.354898510485811e-05,7.7
1359.0,-5.532158164920915e-05,-0.00041589428795258364,0.00022436683410831523,4.25
1360.0,-3.348794875385219e-05,-0.0003495657703242083,0.00014518468311177236,5.55
1361.0,-0.00013165431585849532,-0.00042323725269583206,7.600253211522927e-05,17.25
1362.0,-2.982068296313793e-05,-0.00035690873506745674,4.6820381118686376e-05,10.8
1363.0,2.2012949932219005e-05,-0.0003605802174390814,4.76382301221435e-05,11.15
1364.0,-0.00012615341717242415,-0.000484251699810706,7.845607912560044e-05,12.4
1365.0,-2.4319784277067194e-05,-0.0003379231821823307,4.927392812905754e-05,11.55
1366.0,-2.2486151381710283e-05,-0.00039159466455395537,5.009177713251466e-05,11.55
1367.0,7.9347481513647e-05,-0.00027526614692557916,0.0002609096261359716,3.2
1368.0,1.1181114409003945e-05,-0.00034893762929720377,3.17274751394287e-05,11.55
1369.0,-0.0002169852526956391,-0.00045260911166882835,0.00028254532414288586,-2.3
1370.0,-6.515161980028222e-05,-0.000456280594040453,8.336317314634297e-05,10.7
1371.0,-3.331798690492491e-05,-0.00033995207641207765,0.00018418102214979987,3.5
1372.0,-6.148435400956797e-05,-0.0004636235587837023,-1.5001128846743009e-05,12.4
1373.0,-7.9650721114211e-05,-0.00041729504115532614,0.00026581672015671415,6.4
1374.0,-7.81708821885412e-06,-0.00040096652352695074,5.663456916017102e-05,11.55
1375.0,0.00012401654467650324,-0.00030463800589857544,-1.2547581836371848e-05,9.9
1376.0,2.5850177571860107e-05,-0.0004083094882702,0.0001582702671670853,5.75
1377.0,-0.000102316189532783,-0.0004319809706418247,8.90881161705422e-05,10.7
1378.0,-2.0482556637426092e-05,-0.0004856524530134493,8.990596517399933e-05,8.25
1379.0,-1.864892374206918e-05,-0.0004193239353850731,0.00016072381417745645,0.0
1380.0,5.318470915328824e-05,-0.0003229954177566978,6.154166318091334e-05,9.25
1381.0,3.50183420486451e-05,-0.00032666690012832244,6.235951218437047e-05,9.25
1382.0,-4.314802505599798e-05,-0.000550338382499947,4.3177361187827595e-05,15.05
1383.0,-0.00016131439216064106,-0.0006540098648715717,0.00016399521019128452,5.0
1384.0,6.051924073471632e-05,-0.0004076813472431955,9.481305919474165e-05,5.55
1385.0,-7.647126369926842e-06,-0.00039135282961482007,0.00011563090819819878,1.9
1386.0,-5.81349347456993e-06,-0.0004650243119864448,6.644875720165566e-05,13.95
1387.0,-5.397986057921293e-05,-0.0004486957943580694,0.00011726660620511281,5.95
1388.0,-0.00010214622768385604,-0.000572367276729694,0.00011808445520856994,6.4
1389.0,-5.0312594788498675e-05,-0.0005260387591013186,6.890230421202682e-05,5.95
1390.0,-4.847896189314176e-05,-0.0005797102414729424,9.972015321548397e-05,12.85
1391.0,2.3354671002215116e-05,-0.0005333817238445671,5.053800221894108e-05,15.45
1392.0,-7.481169610242802e-05,-0.0005870532062161917,0.00012135585122239801,6.9
1393.0,-7.297806320707067e-05,-0.0006207246885878164,7.217370022585511e-05,11.1
1394.0,2.8855569688286285e-05,-0.000424396170959441,0.00017299154922931226,6.75
1395.0,-6.931079741635685e-05,-0.0005980676533310657,0.00012380939823276917,10.7
1396.0,-6.747716452099994e-05,-0.0006017391357026894,0.0002546272472362263,8.85
1397.0,3.435646837435702e-05,-0.0004554106180743141,0.0002554450962396834,0.0
1398.0,1.6190101269714314e-05,-0.0005890821004459388,7.626294524314052e-05,11.95
1399.0,-1.1976265834928745e-05,-0.0005127535828175634,7.708079424659743e-05,8.25
